0	-1.0409	1.53
1.001	-2.1214	0.5555
2.002	-4.1563	0.8799
3.003	-3.158	-0.41519
4.004	-2.1612	-1.692
5.005	-0.28681	-2.7234
6.006	1.5385	-2.7234
7.007	2.9152	-1.2054
8.008	1.96	0.72776
9.009	0.025325	-0.044094
10.01	0.60914	-1.8558
11.011	1.7777	-2.2453
12.012	1.9127	-3.6308
13.013	0.81373	-4.1766
14.014	-0.6498	-4.2619
15.015	NaN	NaN
16.016	0.10414	-4.376
16.983	1.3959	-3.9852
17.984	2.4729	-3.2655
18.985	3.1353	-2.4382
19.986	3.0279	-1.5506
20.987	3.7182	-0.34413
21.988	3.5643	0.76447
22.989	3.1062	1.7861
23.99	3.059	1.8061
24.991	2.7784	1.6262
25.992	1.4473	2.2509
26.993	1.441	3.0375
27.994	2.8851	1.4806
28.995	3.6237	-0.36171
29.996	3.6301	-0.96604
30.997	3.3846	-1.1743
31.998	2.925	-0.040663
32.999	3.2332	1.5642
34	2.2852	2.0554
35.001	0.92746	1.5949
36.002	0.19722	0.36686
37.003	0.973	-0.49835
38.004	2.2139	-0.20726
39.005	2.475	-0.89825
40.006	2.4752	-0.89867
41.007	2.481	-0.87612
42.008	2.4807	-0.89465
43.009	2.4745	-0.85934
44.01	2.4731	-0.86713
45.011	2.3684	-0.99141
46.012	1.3661	-1.814
47.013	-0.027466	-2.1233
48.014	-1.5977	-1.7128
49.015	-3.1466	-2.3862
50.016	-2.7906	-3.4307
50.984	-1.6801	-3.7442
51.985	-0.25801	-3.8319
52.986	0.43163	-4.2698
53.987	-0.0099205	-4.2888
54.988	-0.57395	-4.1862
55.989	-0.37314	-4.0812
56.99	-0.3691	-4.0756
57.991	-0.3638	-4.081
58.992	-0.40184	-4.0714
59.993	-1.2684	-3.0931
60.994	-2.8582	-2.6163
61.995	-3.249	-2.7234
62.996	-3.1042	-3.0504
63.997	-1.8522	-3.0281
64.998	-2.2348	-2.2951
65.999	-1.7424	0.1686
67	-3.879	1.4625
68.001	-3.9661	1.0032
69.002	-3.9163	1.403
70.003	-3.5449	1.5493
71.004	-3.0377	0.99482
72.005	-2.2328	0.10036
73.006	0.0645	-0.23669
74.007	2.1883	1.3569
75.008	3.0583	1.9402
76.009	3.0985	1.8317
77.01	3.3362	1.5491
78.011	3.6321	0.688
79.012	3.7623	-0.2367
80.013	3.6686	-1.0791
81.014	3.3051	-2.1585
82.015	2.8084	-2.9133
83.016	2.1422	-3.5471
83.983	1.5318	-3.9306
84.984	1.4568	-3.9607
85.985	1.316	-4.0202
86.986	1.202	-4.1063
87.987	1.2059	-4.0922
88.988	1.1563	-4.109
89.989	0.55424	-4.0421
90.99	0.38259	-4.2803
91.991	1.0177	-4.1904
92.992	1.8916	-3.735
93.993	2.7663	-2.9761
94.994	3.3439	-2.0631
95.995	3.6333	-1.2432
96.996	3.7457	-0.32737
97.997	3.7146	0.33136
98.998	3.5128	1.0767
100	3.5025	1.094
101	3.4816	1.2169
102	3.2343	1.7145
103	2.778	2.3484
104	2.4695	1.9071
105.01	1.4779	0.7677
106.01	-0.022514	-0.64579
107.01	-1.2724	-0.39272
108.01	-3.2674	-0.1059
109.01	-4.261	0.15293
110.01	-3.4653	1.4196
111.01	-2.845	2.8552
112.01	-2.8186	2.9524
113.01	-2.4676	2.378
114.01	-1.5576	1.3569
114.98	-0.53513	1.6532
115.98	0.099282	0.7588
116.98	-0.22502	-0.59577
117.98	-1.5564	-0.97575
118.99	-2.2269	-1.6338
119.99	-2.2929	-1.4903
120.99	-2.2748	-1.4803
121.99	-2.2658	-1.4893
122.99	-2.2833	-1.5097
123.99	-2.2826	-1.5104
124.99	-2.2775	-1.5058
125.99	-2.2853	-1.5073
126.99	-2.2733	-1.4817
127.99	-2.2711	-1.4836
129	-2.0747	-1.8252
130	-1.4233	-2.4173
131	-1.3219	-3.0418
132	-1.042	-3.3156
133	-0.44233	-2.9983
134	0.015038	-2.0892
135	0.71631	-1.0418
136	1.3954	-0.92789
137	1.3229	-0.89357
138	1.3341	-0.89581
139.01	1.3158	-0.91485
140.01	1.3301	-0.90083
141.01	1.32	-0.90032
142.01	1.3248	-0.89545
143.01	1.3588	-0.87207
144.01	1.3258	-0.91545
145.01	1.3322	-0.90336
146.01	1.3244	-0.8949
147.01	1.334	-0.89544
148.01	1.3072	-0.91544
149.01	1.318	-0.91707
149.98	1.3321	-0.89287
150.98	1.3164	-0.91504
151.99	1.3327	-0.9043
152.99	1.3276	-0.89857
153.99	1.3256	-0.897
154.99	1.3068	-0.91497
155.99	1.3267	-0.91678
156.99	1.3325	-0.90356
157.99	1.3301	-0.90117
158.99	1.3266	-0.89717
159.99	1.3327	-0.89377
160.99	1.7775	-1.1568
162	2.5933	-1.6396
163	2.4281	-2.1796
164	2.8113	-2.7305
165	2.65	-2.8783
166	2.0379	-3.4704
167	1.1467	-3.5248
168	0.95154	-3.875
169	0.78041	-4.0574
170	-0.10273	-4.3213
171	-0.47665	-4.3008
172.01	-0.45707	-4.2932
173.01	-0.40712	-4.2892
174.01	-0.39692	-4.287
175.01	-0.40125	-4.2906
176.01	-0.40868	-4.2996
177.01	-0.40935	-4.2988
178.01	-0.40781	-4.2801
179.01	-0.40772	-4.2593
180.01	-0.44032	-4.2343
181.01	-0.42691	-4.2489
182.01	-0.86781	-4.0721
182.98	-0.54525	-3.4867
183.98	0.86195	-2.7819
184.98	1.7763	-3.6886
185.99	0.61458	-4.0076
186.99	-1.0112	-3.2457
187.99	-3.1376	-2.4324
188.99	-4.1948	-1.0897
189.99	-4.377	0.029043
190.99	-4.3188	0.25778
191.99	-4.1009	-0.45052
192.99	-2.6082	-1.585
193.99	-0.45646	-1.6077
194.99	-0.41144	0.72472
196	-2.3294	1.9894
197	-2.8038	2.8718
198	-2.7307	2.7643
199	-1.7631	2.8896
200	-0.40853	2.7455
201	1.4254	2.4833
202	2.5518	2.5995
203	2.4186	2.5396
204	2.5056	2.6257
205.01	2.121	2.9722
206.01	1.3728	3.4466
207.01	0.45899	3.7075
208.01	-0.54468	3.7746
209.01	-1.3984	3.6435
210.01	-2.1918	3.3291
211.01	-2.9581	2.8153
212.01	-3.64	2.0339
213.01	-4.1166	1.1068
214.01	-4.3569	0.094949
215.01	-4.3788	-0.32551
215.98	-4.1505	-0.23255
216.98	-3.267	0.11352
217.98	-3.334	1.3756
218.99	-3.8701	1.6627
219.99	-3.8677	1.3637
220.99	-3.4741	1.4079
221.99	-1.8835	1.0739
222.99	-1.01	1.7926
223.99	-0.99064	2.4633
224.99	-1.3389	3.632
225.99	-0.2175	3.7435
226.99	-0.051349	3.7041
227.99	-0.46782	3.7749
229	-0.072135	3.6448
230	0.41189	3.7275
231	0.93153	3.6256
232	1.6717	3.2858
233	2.3486	2.7884
234	3.1465	1.8469
235	3.5386	0.95698
236	3.1262	0.44777
237	1.6729	0.3345
238	0.4203	1.8821
239.01	-0.62166	3.5608
240.01	-0.61262	3.7758
241.01	-0.69758	3.2681
242.01	-0.95874	2.001
243.01	-0.93599	1.7109
244.01	-0.93672	1.7158
245.01	-0.96341	1.7225
246.01	-0.95712	1.7259
247.01	-0.95559	1.7419
248.01	-0.61037	0.98591
249.01	-0.28851	0.24755
249.98	0.34322	0.20064
250.98	0.97444	0.80227
251.99	1.7041	0.38605
252.99	2.4832	-0.23979
253.99	2.706	-0.76198
254.99	2.2367	-1.5389
255.99	1.623	-2.371
256.99	2.218	-3.0381
257.99	2.3024	-3.3357
258.99	2.0214	-3.5593
259.99	1.4331	-3.9374
260.99	0.14292	-4.0041
262	-1.4531	-3.1067
263	-3.4105	-2.1974
264	-3.8734	-0.3028
265	-2.8482	1.3951
266	-2.3227	3.1051
267	-2.4467	3.1729
268	-2.4361	3.1816
269	-3.0028	2.7834
270	-3.6406	2.063
271	-4.0612	1.2983
272.01	-4.3176	0.45785
273.01	-4.3766	-0.24845
274.01	-4.3199	-0.97488
275.01	-4.1073	-1.7764
276.01	-3.8271	-2.3645
277.01	-3.2982	-3.0881
278.01	-2.7733	-3.557
279.01	-2.2934	-3.8611
280.01	-1.5007	-4.1953
281.01	-0.99554	-4.2989
282.01	-1.2815	-4.2439
282.98	-1.2603	-4.2712
283.98	-1.6396	-4.1721
284.98	-2.3985	-3.8128
285.99	-1.7971	-3.2282
286.99	-2.1689	-1.6346
287.99	-3.9755	-1.605
288.99	-3.9752	-2.0736
289.99	-4.1838	-1.5274
290.99	-4.3549	-0.7671
291.99	-4.3408	0.077263
292.99	-4.2091	0.88327
293.99	-3.8984	1.2426
294.99	-2.8842	1.2693
296	-2.5343	2.0745
297	-1.9771	2.9222
298	-1.8831	3.4025
299	-1.0687	3.6579
300	0.068037	3.6497
301	0.76395	3.0957
302	1.6146	2.4838
303	2.5406	2.4546
304	3.0409	1.7421
305.01	3.5204	0.69212
306.01	3.6994	-0.28532
307.01	3.5641	-1.3287
308.01	3.0171	-2.1175
309.01	2.398	-3.2668
310.01	1.9353	-3.646
311.01	1.5083	-3.8778
312.01	1.0198	-4.1637
313.01	0.22976	-4.3673
314.01	-0.63905	-4.3662
315.01	-1.6035	-4.1648
315.98	-2.6626	-3.6573
316.98	-3.4285	-2.9313
317.98	-3.625	-2.5576
318.99	-3.0369	-1.6463
319.99	-2.5517	-0.75449
320.99	-2.3494	0.19112
321.99	-1.4028	0.98133
322.99	-0.58798	1.5326
323.99	0.61357	1.5653
324.99	0.79109	2.6161
325.99	0.60753	3.0532
326.99	0.60733	3.0812
327.99	0.60799	3.0633
329	0.60699	3.0721
330	0.62696	3.0837
331	0.6194	3.0936
332	0.62665	3.1507
333	0.62113	3.1725
334	0.62047	3.1522
335	0.62113	3.1343
336	0.62113	3.1343
337	0.62198	3.1618
338	0.613	3.1804
339.01	0.61382	3.1698
340.01	0.62367	3.1684
341.01	0.62202	3.1521
342.01	0.62198	3.1618
343.01	0.45764	3.4797
344.01	-0.29539	3.688
345.01	-0.46824	3.8121
346.01	-0.68971	3.7476
347.01	-0.30476	3.7465
348.01	0.38242	3.0581
349.01	1.3009	1.7796
349.98	1.797	0.51712
350.98	2.3922	0.13746
351.99	2.6749	-0.64808
352.99	2.3753	-1.8493
353.99	1.4698	-2.8173
354.99	0.34594	-3.2676
355.99	0.010199	-4.2245
356.99	-0.38223	-4.2059
357.99	-0.36858	-4.206
358.99	-0.34522	-4.2148
359.99	-0.34401	-4.195
360.99	-0.36163	-4.1964
362	-0.36728	-4.2026
363	-0.36148	-4.2076
364	-0.36354	-4.2139
365	-0.34914	-4.2217
366	-0.33446	-4.1964
367	-0.3249	-4.1964
368	-0.34326	-4.2073
369	-0.43001	-4.2141
370	-0.60493	-4.112
371	-0.964	-4.0701
372.01	-0.70707	-4.2429
373.01	-0.60243	-4.3865
374.01	0.1047	-4.3668
375.01	0.93536	-4.1745
376.01	1.376	-3.9944
377.01	2.1297	-3.5631
378.01	2.7667	-2.9873
379.01	3.2864	-2.2064
380.01	3.5132	-1.657
381.01	3.6287	-1.3213
382.01	3.4118	-1.8146
382.98	3.4116	-1.9684
383.98	2.9142	-2.7423
384.98	2.4145	-3.3021
385.99	1.7217	-3.8243
386.99	0.72625	-4.2524
387.99	0.0017807	-4.3944
388.99	-0.60202	-4.367
389.99	-0.64938	-4.3858
390.99	-1.7075	-4.1437
391.99	-2.4525	-3.7915
392.99	-3.3575	-3.0048
393.99	-3.8863	-2.2507
394.99	-4.2253	-1.378
396	-4.3673	0.035736
397	-4.1261	1.1453
398	-3.6684	2.0437
399	-3.1846	2.5919
400	-2.706	2.7249
401	-2.405	3.1302
402	-2.0605	3.1907
403	-1.4304	1.9912
404	-1.4902	0.30524
405.01	-2.485	-1.452
406.01	-4.1263	-1.6547
407.01	-4.0864	-1.8504
408.01	-3.9707	-2.1352
409.01	-3.6827	-2.613
410.01	-3.3431	-2.99
411.01	-2.7382	-2.3826
412.01	-2.5985	-0.58863
413.01	-2.6919	1.3219
414.01	-3.2592	2.3986
415.01	-3.3977	2.1661
415.98	-4.0858	1.0847
416.98	-4.2808	-0.34363
417.98	-3.6697	-1.7866
418.99	-2.4982	-3.196
419.99	-1.3585	-4.1769
420.99	0.5451	-4.233
421.99	1.6152	-3.8252
422.99	1.6156	-3.8995
423.99	1.3865	-4.0051
424.99	0.63107	-4.2813
425.99	-0.026558	-4.3763
426.99	-0.4109	-4.3861
427.99	-0.43001	-4.3861
429	-0.41994	-4.3951
430	-0.41944	-4.3857
431	-0.43001	-4.367
432	-0.46704	-4.3854
433	-0.46866	-4.3859
434	-0.46877	-4.3776
435	-0.477	-4.3675
436	-0.47779	-4.3665
437	-0.46947	-4.3606
438	-0.6032	-4.387
439.01	-1.3511	-4.2667
440.01	-1.7873	-4.1094
441.01	-2.1504	-3.9459
442.01	-2.782	-3.5656
443.01	-2.8169	-3.195
444.01	-2.5977	-2.1424
445.01	-3.0938	-1.3452
446.01	-3.9546	-0.80168
447.01	-4.1216	-0.66232
448.01	-4.2848	-0.0068029
449.01	-4.3773	-0.30689
449.98	-4.3752	0.054914
450.98	-4.1838	0.96344
451.99	-3.8087	1.8301
452.99	-3.4724	2.2975
453.99	-2.9272	2.8607
454.99	-2.0163	3.3923
455.99	-1.1293	3.6898
456.99	-0.62345	3.6103
457.99	-0.49589	2.6429
458.99	-0.46947	1.3015
459.99	-0.724	-0.054594
460.99	-0.98281	-1.2408
462	-1.1846	-1.7771
463	-2.2726	-2.1322
464	-2.3623	-3.059
465	-1.2036	-3.3735
466	-0.72587	-3.1621
467	-0.006747	-3.8488
468	1.1276	-3.9848
469	1.8569	-3.1381
470	1.5379	-2.0358
471	1.1623	-2.0279
472.01	1.167	-2.0399
473.01	1.1284	-2.0063
474.01	1.1481	-2.025
475.01	1.0703	-2.0927
476.01	1.0819	-2.0909
477.01	1.1009	-2.0903
478.01	1.0622	-2.0559
479.01	1.0914	-2.0716
480.01	1.0794	-2.0739
481.01	1.0622	-2.075
482.01	1.0632	-2.0911
482.98	1.0889	-2.0738
483.98	0.72837	-2.0053
484.98	-0.028421	-2.465
485.99	-0.45735	-2.9728
486.99	-0.9394	-3.4565
487.99	-0.83878	-3.6476
488.99	-0.84003	-3.6396
489.99	-0.83878	-3.6284
490.99	-0.84012	-3.6394
491.99	-0.83892	-3.6284
492.99	-0.83742	-3.6463
493.99	-0.83777	-3.6465
494.99	-0.83838	-3.6658
496	-0.83849	-3.6373
497	-0.8333	-3.642
498	-0.83277	-3.6319
499	-0.8304	-3.6494
500	-0.83205	-3.6692
501	-0.82675	-3.6556
502	-0.81985	-3.6668
503	-0.87889	-4.2531
504	-0.87799	-4.2612
505.01	-0.87106	-4.2831
506.01	-0.96617	-4.2996
507.01	-1.1072	-4.3016
508.01	-0.99475	-4.3163
509.01	-0.42004	-4.3864
510.01	0.30458	-4.3564
511.01	0.84921	-4.2121
512.01	1.3752	-4.0033
513.01	1.9306	-3.6867
514.01	2.4563	-3.2778
515.01	2.8409	-2.8696
515.98	3.2233	-2.2677
516.98	3.4892	-1.7405
517.98	3.6892	-1.0332
518.99	3.7418	-0.46218
519.99	3.7558	-0.037812
520.99	3.7715	0.13972
521.99	3.5528	0.91542
522.99	3.2972	1.586
523.99	2.9695	2.0902
524.99	2.5939	2.5652
525.99	2.0979	2.9966
526.99	1.3964	3.3916
527.99	0.84092	3.6026
529	0.30441	3.7103
530	-0.41218	3.7739
531	-0.65593	3.7995
532	-1.6891	3.5531
533	-2.325	3.2413
534	-3.011	2.744
535	-3.5449	2.1676
536	-3.9952	1.4329
537	-4.283	0.66828
538	-4.3779	-0.38156
539.01	-4.2972	-1.0388
540.01	-3.6219	-0.96496
541.01	-2.7021	0.075167
542.01	-1.4742	0.43194
543.01	0.11145	0.78589
544.01	1.5389	2.0151
545.01	1.6068	3.2285
546.01	2.024	3.0288
547.01	1.9975	3.0481
548.01	1.5357	3.3319
549.01	1.483	3.1646
549.98	2.4925	2.6459
550.98	2.6679	2.4674
551.99	2.98	2.0618
552.99	3.44	1.2712
553.99	3.7182	0.2859
554.99	3.1931	-0.030096
555.99	3.2081	-0.078827
556.99	3.6171	0.47204
557.99	3.0094	1.3934
558.99	1.8838	2.8577
559.99	0.20766	3.6489
560.99	-1.598	3.2235
562	-2.3706	2.0438
563	-2.8377	0.4104
564	-2.5145	-1.0236
565	-1.7002	-2.4836
566	-0.62189	-3.6911
567	0.59849	-3.7208
568	0.61316	-3.7189
569	0.38858	-2.8895
570	-0.39175	-1.1479
571	-1.2709	0.62113
572.01	-2.2404	1.8776
573.01	-1.9857	3.266
574.01	-0.41714	2.7654
575.01	1.232	3.2679
576.01	1.1497	3.5007
577.01	1.0828	3.2271
578.01	1.2129	3.4606
579.01	1.1822	3.5439
580.01	0.64095	3.6891
581.01	-0.076447	3.7942
582.01	-0.86076	3.7676
582.98	-1.548	3.5834
583.98	-2.1757	3.3602
584.98	-2.7305	3.0076
585.99	-2.8932	2.8822
586.99	-2.9478	2.8238
587.99	-3.3051	2.4633
588.99	-3.2023	2.5984
589.99	-3.1914	2.6164
590.99	-3.1917	2.5992
591.99	-3.1694	2.6343
592.99	-3.041	2.7017
593.99	-2.5115	2.6768
594.99	-1.5846	2.5248
596	-0.897	2.3627
597	-0.1055	1.7968
598	0.7253	2.1981
599	0.75875	2.163
