0	-2.3723	-3.5142
1.001	-3.3114	-2.5209
2.002	-2.6954	-0.10178
3.003	-0.85518	1.3464
4.004	1.2668	1.4466
5.005	2.3117	-0.2251
6.006	2.9193	-1.5708
7.007	1.8828	-2.6212
8.008	-0.22387	-2.8397
9.009	-2.1536	-2.1408
10.01	-2.1531	-0.32464
11.011	-0.95734	0.94462
12.012	0.35476	0.27618
13.013	0.142	-0.84363
14.014	0.82452	-2.3659
15.015	-0.13803	-3.5271
16.016	-1.222	-2.1936
16.983	-0.09369	-1.0907
17.984	-0.12688	-2.6146
18.985	-1.5317	-2.0887
19.986	-1.0398	-0.66278
20.987	0.50884	-1.0401
21.988	-0.70109	-1.7616
22.989	-0.5413	-0.31331
23.99	0.7654	-1.1542
24.991	-0.45778	-2.3857
25.992	-1.9274	-1.5764
26.993	-1.5444	0.053162
27.994	-0.72307	-0.085249
28.995	0.079853	0.61497
29.996	1.8737	0.98236
30.997	2.5068	0.045268
31.998	3.3646	0.48748
32.999	3.4192	0.50257
34	3.413	-0.22479
35.001	3.5068	-0.47872
36.002	3.3803	-1.017
37.003	3.1676	-1.3574
38.004	2.0467	-1.2977
39.005	0.73653	-0.43601
40.006	0.323	1.0565
41.007	1.3239	1.2092
42.008	1.7859	0.074844
43.009	1.7525	-0.040837
44.01	1.7515	-0.032596
45.011	1.7399	-0.044858
46.012	1.7398	-0.037371
47.013	1.7948	-0.091606
48.014	1.8542	-0.13279
49.015	1.8531	-0.13503
50.016	1.9029	-0.23158
50.984	1.9106	-0.23442
51.985	1.9122	-0.24885
52.986	1.9119	-0.24226
53.987	1.8957	-0.24078
54.988	1.8659	-0.20867
55.989	1.8614	-0.19605
56.99	1.8513	-0.18471
57.991	1.8488	-0.19201
58.992	1.8453	-0.18251
59.993	1.8513	-0.18406
60.994	1.8457	-0.17317
61.995	1.8367	-0.1698
62.996	1.8274	-0.16271
63.997	1.8227	-0.1487
64.998	1.8188	-0.15445
65.999	1.8186	-0.15324
67	1.548	-0.20539
68.001	0.91914	-0.43356
69.002	0.11278	-0.93225
70.003	-1.0804	-0.93628
71.004	-1.3685	0.0076021
72.005	-1.0881	0.10086
73.006	-1.0998	0.088991
74.007	-1.0861	0.084676
75.008	-1.0912	0.087406
76.009	-1.0904	0.089018
77.01	-1.0853	0.079233
78.011	-1.0906	0.080495
79.012	-1.0921	0.084799
80.013	-1.0911	0.079426
81.014	-1.0843	0.086242
82.015	-1.0851	0.085341
83.016	-0.98783	0.16385
83.983	-0.889	0.18615
84.984	-0.88499	0.19951
85.985	-0.89182	0.20084
86.986	-0.88524	0.20143
87.987	-0.88541	0.2021
88.988	-0.88601	0.67225
89.989	-0.11048	1.2094
90.99	0.60428	0.91827
91.991	0.78255	0.23373
92.992	0.75107	0.25191
93.993	0.76125	0.24004
94.994	0.76394	0.24274
95.995	0.7575	0.2353
96.996	0.75337	0.22703
97.997	0.75783	0.23585
98.998	0.75165	0.23758
100	0.76438	0.23425
101	0.76642	0.23321
102	0.76829	0.22624
103	0.75713	0.2281
104	0.76538	0.2087
105.01	0.75588	0.22139
106.01	0.75419	0.21152
107.01	0.75319	0.20755
108.01	0.75231	0.22809
109.01	0.75141	0.21167
110.01	0.75994	0.21023
111.01	0.75633	0.20685
112.01	0.75771	0.21261
113.01	0.75935	0.21144
114.01	0.75826	0.20925
114.98	0.75962	0.20863
115.98	0.76171	0.19886
116.98	0.7565	0.19704
117.98	0.75779	0.20824
118.99	0.75807	0.24526
119.99	0.77322	0.24617
120.99	0.7767	0.2366
121.99	0.76931	0.2355
122.99	0.7941	0.22037
123.99	0.8016	0.21128
124.99	0.80722	0.21093
125.99	0.78427	0.20909
126.99	0.80163	0.20186
127.99	0.80191	0.207
129	0.79463	0.20572
130	0.80409	0.19013
131	0.79717	0.16562
132	0.81526	0.19101
133	0.82198	0.18991
134	0.81641	0.18517
135	0.80908	0.16806
136	0.80383	0.18872
137	0.81234	0.17578
138	0.81763	0.17625
139.01	0.79753	0.22212
140.01	0.7937	0.19017
141.01	0.80059	0.16653
142.01	0.80941	0.1586
143.01	0.81029	0.16367
144.01	0.83418	0.1483
145.01	0.83634	0.14639
146.01	0.83092	0.1685
147.01	0.82511	0.20122
148.01	0.82605	0.20779
149.01	0.82529	0.20032
149.98	0.81947	0.19886
150.98	0.82672	0.19046
151.99	0.8241	0.19693
152.99	0.81801	0.19057
153.99	0.81997	0.1878
154.99	0.82572	0.17518
155.99	0.81497	0.19946
156.99	0.81322	0.1999
157.99	0.80967	0.23316
158.99	0.81144	0.23357
159.99	0.81639	0.23143
160.99	0.81617	0.23073
162	0.81863	0.21038
163	0.95199	0.26621
164	1.3871	0.22733
165	2.2106	0.34004
166	3.099	0.42267
167	3.3983	0.68191
168	3.1207	0.19564
169	2.7454	-0.75578
170	2.3121	-1.943
171	1.3562	-3.0703
172.01	0.078212	-3.2821
173.01	-1.079	-2.4881
174.01	-1.3357	-1.0598
175.01	-0.1448	-0.40211
176.01	1.0761	-1.1518
177.01	1.2678	-2.6439
178.01	1.1666	-3.5876
179.01	1.1374	-3.5526
180.01	0.52811	-3.4114
181.01	-0.19796	-2.8992
182.01	-0.78108	-2.0173
182.98	-0.3706	-1.3082
183.98	0.8271	-1.1703
184.98	0.87179	-1.5939
185.99	0.87089	-1.6066
186.99	0.85906	-1.6199
187.99	0.86512	-1.6217
188.99	0.86054	-1.6264
189.99	0.85718	-1.6332
190.99	0.85693	-1.6487
191.99	0.92625	-1.6293
192.99	0.92551	-1.6162
193.99	1.5842	-1.4825
194.99	2.4179	-0.9946
196	3.3355	-0.78286
197	3.362	-0.47198
198	3.4272	-0.78128
199	3.3183	-1.2718
200	3.1223	-1.753
201	2.6804	-2.4577
202	2.1578	-2.8584
203	2.1411	-2.3282
204	1.2729	-1.8988
205.01	-0.091777	-2.4285
206.01	0.35896	-3.8711
207.01	2.0776	-2.7601
208.01	3.3116	-1.022
209.01	3.3187	1.2977
210.01	3.1887	1.6989
211.01	3.4412	0.92063
212.01	3.5356	0.16198
213.01	3.5024	-0.32354
214.01	3.1688	-0.73956
215.01	2.257	-0.66394
215.98	1.8763	-0.5744
216.98	0.69909	-0.069546
217.98	0.90764	1.3846
218.99	2.3334	2.242
219.99	2.861	2.1412
220.99	2.3664	2.873
221.99	1.5619	3.5057
222.99	0.58032	3.979
223.99	0.624	3.9321
224.99	1.4627	3.5986
225.99	2.125	2.7631
226.99	2.811	2.2923
227.99	3.1088	1.3772
229	2.8069	0.70335
230	2.7408	0.63821
231	2.7459	0.64895
232	2.7468	0.63291
233	2.7993	0.5852
234	2.8089	0.55884
235	2.8846	0.3078
236	3.4397	0.31479
237	1.6515	1.7342
238	-1.3066	1.4656
239.01	-1.3818	-0.79641
240.01	1.3574	-0.96146
241.01	2.2448	2.0241
242.01	0.027069	2.9615
243.01	-1.8913	1.076
244.01	-1.1396	-1.492
245.01	1.7497	-2.6334
246.01	2.8745	-2.0672
247.01	2.2011	-2.9727
248.01	1.5034	-3.4952
249.01	1.2499	-3.5326
249.98	1.1873	-3.3133
250.98	1.2274	-2.6356
251.99	1.2605	-3.5677
252.99	0.6904	-3.8597
253.99	-0.17635	-4.0335
254.99	-1.0454	-4.0221
255.99	-1.6764	-3.8612
256.99	-2.2369	-3.6851
257.99	-2.0072	-3.7874
258.99	-1.3694	-3.966
259.99	-0.827	-4.0274
260.99	-0.75245	-3.6415
262	-0.56763	-2.6861
263	-0.7648	-1.6617
264	-0.87294	-0.4356
265	-0.90052	-0.47687
266	-0.9105	-0.48734
267	-0.94946	-0.050516
268	-1.6074	-0.62442
269	-0.23758	-2.4755
270	1.2047	-3.5142
271	1.2536	-3.5831
272.01	0.55568	-3.1347
273.01	-0.46991	-2.6517
274.01	-0.46296	-2.9755
275.01	-1.3014	-3.3961
276.01	-2.4288	-3.493
277.01	-3.3874	-2.6129
278.01	-4.1343	-1.1998
279.01	-4.1483	0.3624
280.01	-2.7048	0.85464
281.01	-1.4081	-0.11183
282.01	-0.46603	-1.688
282.98	-1.3139	-3.0813
283.98	-2.4153	-1.9494
284.98	-1.3609	-0.52858
285.99	0.018736	-1.4593
286.99	-0.67203	-3.0754
287.99	-2.1003	-2.1067
288.99	-1.573	-0.60255
289.99	0.38345	-0.69902
290.99	2.1812	-1.4959
291.99	2.6793	-2.3384
292.99	1.6569	-3.0538
293.99	0.53056	-2.6098
294.99	0.40472	-2.4932
296	0.39094	-2.4641
297	0.74282	-2.7408
298	0.68513	-3.8397
299	0.76728	-3.4415
300	1.7832	-2.2212
301	2.9662	-1.9418
302	3.1581	-1.4206
303	2.6439	-1.0387
304	2.0527	-1.1527
305.01	1.6213	-1.6322
306.01	1.4955	-2.1549
307.01	1.5959	-2.137
308.01	1.5799	-2.2545
309.01	1.1329	-2.7279
310.01	-0.014095	-2.4302
311.01	0.00077811	-1.1378
312.01	0.99788	0.03886
313.01	2.1828	0.66906
314.01	3.2159	-0.16087
315.01	3.1327	-1.4389
315.98	1.8997	-2.0269
316.98	0.93521	-1.1366
317.98	0.95871	0.34919
318.99	2.2126	1.239
319.99	3.3537	0.88744
320.99	3.3117	1.1505
321.99	3.3028	1.428
322.99	2.9761	2.112
323.99	2.5367	2.7487
324.99	1.9606	3.3019
325.99	0.94815	3.7744
326.99	0.052401	3.9109
327.99	-1.0057	4.0384
329	-1.3814	4.0755
330	-1.5737	3.4054
331	-2.7712	3.1223
332	-3.4163	2.814
333	-4.055	2.0937
334	-4.4493	1.1781
335	-4.5996	0.34899
336	-4.5939	-0.22199
337	-4.6103	0.14462
338	-4.4978	0.94325
339.01	-4.1168	1.7731
340.01	-3.4941	1.9952
341.01	-3.4048	1.9165
342.01	-3.4028	1.9114
343.01	-3.4042	1.924
344.01	-3.4025	1.9133
345.01	-3.4037	1.912
346.01	-3.4119	1.9187
347.01	-3.4172	1.9147
348.01	-3.4149	2.0702
349.01	-3.1794	2.5197
349.98	-3.048	2.7745
350.98	-3.0538	2.7727
351.99	-3.1196	3.2338
352.99	-3.0113	3.3649
353.99	-2.6092	3.6252
354.99	-2.1858	3.8444
355.99	-1.4795	4.0716
356.99	-0.76579	4.1817
357.99	0.048936	4.1312
358.99	0.77644	3.9333
359.99	0.84302	3.8709
360.99	0.72144	3.2102
362	0.42936	3.0058
363	0.44838	3.0194
364	0.44423	3.0092
365	0.44471	3.0156
366	0.44491	3.0064
367	0.44411	3.0068
368	0.44487	3.0047
369	0.44423	3.003
370	0.45665	2.9573
371	0.45883	2.9628
372.01	0.46424	2.9582
373.01	0.46633	2.9572
374.01	0.54266	2.8207
375.01	0.38616	2.3709
376.01	0.35245	2.3426
377.01	0.36205	2.3246
378.01	0.36142	2.3249
379.01	0.36084	2.3242
380.01	0.3588	2.3261
381.01	0.35882	2.3178
382.01	0.35725	2.3244
382.98	0.35751	2.3262
383.98	0.34231	2.3048
384.98	0.33328	2.3049
385.99	0.33033	2.299
386.99	0.32928	2.3002
387.99	0.33052	2.2989
388.99	0.33137	2.2968
389.99	0.32202	2.29
390.99	0.32204	2.2911
391.99	0.29721	2.2887
392.99	0.09217	2.3187
393.99	-0.045667	2.4135
394.99	-0.032734	2.3982
396	-0.029061	2.4086
397	-0.034497	2.3978
398	-0.027972	2.3965
399	-0.033699	2.3964
400	-0.034548	2.397
401	-0.027314	2.3961
402	-0.027127	2.3959
403	-0.027886	2.3876
404	-0.033572	2.3783
405.01	-0.033686	2.3784
406.01	-0.02686	2.3694
407.01	-0.035363	2.3757
408.01	-0.010491	2.2414
409.01	-0.071924	2.4219
410.01	0.10073	2.5625
411.01	0.01982	2.5866
412.01	-0.035228	2.5923
413.01	-1.3055	2.6724
414.01	-2.6751	2.0549
415.01	-3.7749	0.58932
415.98	-4.4457	-0.957
416.98	-4.5526	-0.85232
417.98	-4.6377	-0.3368
418.99	-4.6207	0.021169
419.99	-4.4964	0.066066
420.99	-3.5173	-0.086681
421.99	-3.003	-0.64641
422.99	-2.6764	-1.4315
423.99	-2.5789	-2.2565
424.99	-3.2399	-2.8566
425.99	-3.1281	-3.0103
426.99	-2.3999	-3.5197
427.99	-1.8003	-3.7771
429	-1.263	-3.5531
430	-1.1978	-3.5011
431	-1.0299	-3.5445
432	-0.99101	-3.4347
433	-0.43101	-2.7409
434	1.4407	-2.7741
435	2.4482	-2.6407
436	3.3721	-0.93654
437	3.2828	0.34301
438	3.1195	1.7396
439.01	2.9439	2.1741
440.01	2.5091	2.7779
441.01	1.8949	3.3561
442.01	1.0422	3.8365
443.01	0.18946	4.1084
444.01	-0.7959	4.1695
445.01	-1.541	4.0574
446.01	-2.3967	3.7334
447.01	-3.1578	3.2344
448.01	-3.7969	2.5737
449.01	-4.2868	1.7622
449.98	-4.5739	0.85577
450.98	-4.637	-0.22731
451.99	-4.3903	-1.3673
452.99	-3.8594	-2.3601
453.99	-3.2344	-3.0377
454.99	-2.3915	-3.6032
455.99	-1.5046	-3.9328
456.99	-1.0173	-4.0215
457.99	-0.66256	-4.013
458.99	-0.77118	-4.022
459.99	-0.79038	-4.0216
460.99	-1.1066	-3.9933
462	-0.86341	-4.0215
463	-0.62496	-3.745
464	-0.5908	-3.7329
465	-0.58439	-3.7282
466	-0.53222	-3.6658
467	-0.52085	-3.6668
468	-0.52456	-3.6565
469	-0.52077	-3.6661
470	-0.51748	-3.6621
471	-0.49098	-3.6675
472.01	-0.042297	-3.9704
473.01	0.64694	-3.807
474.01	1.3313	-3.5343
475.01	1.8508	-3.1417
476.01	2.4441	-2.6376
477.01	2.7061	-2.1978
478.01	3.0075	-1.8414
479.01	3.1666	-1.5213
480.01	3.167	-1.6659
481.01	2.9645	-2.0447
482.01	2.6409	-2.5191
482.98	2.1175	-3.0401
483.98	1.4132	-3.5355
484.98	1.1838	-3.6612
485.99	0.67415	-3.8511
486.99	0.257	-3.966
487.99	-0.50038	-4.0307
488.99	-1.2594	-3.9726
489.99	-1.8308	-3.8221
490.99	-2.4344	-3.5909
491.99	-2.4871	-3.4052
492.99	-2.0736	-3.1339
493.99	-2.0847	-3.1492
494.99	-2.0896	-3.1486
496	-2.0835	-3.1469
497	-2.0824	-3.1428
498	-2.076	-3.1481
499	-2.0793	-3.1448
500	-2.0825	-3.1488
501	-2.0799	-3.1446
502	-1.993	-3.0323
503	-1.9095	-3.064
504	-1.9024	-3.0617
505.01	-1.9109	-3.0625
506.01	-1.9097	-3.0622
507.01	-1.9023	-3.0611
508.01	-1.9101	-3.0614
509.01	-1.9091	-3.0625
510.01	-1.8926	-3.0605
511.01	-1.7544	-3.3764
512.01	-1.9726	-3.7059
513.01	-2.3937	-3.4836
514.01	-2.5366	-3.2909
515.01	-2.4686	-3.2778
515.98	-2.4774	-3.2791
516.98	-2.4606	-3.2772
517.98	-2.4686	-3.2778
518.99	-2.4619	-3.2762
519.99	-2.4607	-3.2771
520.99	-2.468	-3.2767
521.99	-2.467	-3.2772
522.99	-2.4617	-3.2764
523.99	-2.4665	-3.2774
524.99	-2.4612	-3.2761
525.99	-2.4615	-3.2698
526.99	-2.4546	-3.2685
527.99	-2.3873	-3.2334
529	-2.2055	-3.3874
530	-2.0196	-3.5136
531	-2.019	-3.5122
532	-2.0193	-3.5132
533	-2.0192	-3.5141
534	-2.0242	-3.5092
535	-2.0203	-3.4993
536	-2.019	-3.4972
537	-1.9932	-3.5056
538	-1.488	-3.5409
539.01	-1.169	-3.3501
540.01	-1.1349	-3.2619
541.01	-1.1238	-3.2557
542.01	-1.1183	-3.2517
543.01	-1.116	-3.2555
544.01	-1.1123	-3.2554
545.01	-1.1171	-3.2601
546.01	-1.1171	-3.2589
547.01	-1.1013	-3.2447
548.01	-1.1092	-3.2445
549.01	-1.1079	-3.2444
549.98	-1.101	-3.2428
550.98	-1.0985	-3.2442
551.99	-1.1076	-3.244
552.99	-1.1081	-3.243
553.99	-1.1064	-3.2454
554.99	-1.1066	-3.2442
555.99	-1.1059	-3.2432
556.99	-1.1005	-3.243
557.99	-1.0997	-3.2503
558.99	-1.0993	-3.2431
559.99	-1.1001	-3.2498
560.99	-1.083	-3.227
562	-1.0947	-3.238
563	-1.0821	-3.232
564	-1.0984	-3.243
565	-1.1606	-3.2448
566	-1.1575	-3.2468
567	-1.1497	-3.2377
568	-1.1439	-3.2213
569	-1.1355	-3.2248
570	-1.1448	-3.2384
571	-1.1454	-3.2404
572.01	-1.1426	-3.2438
573.01	-1.14	-3.2378
574.01	-1.1461	-3.2415
575.01	-1.1455	-3.2413
576.01	-1.1659	-3.2492
577.01	-1.1785	-3.2621
578.01	-1.1796	-3.2614
579.01	-1.1799	-3.2688
580.01	-1.1782	-3.2614
581.01	-1.1798	-3.2593
582.01	-1.173	-3.2603
582.98	-1.1775	-3.2636
583.98	-1.1959	-3.1096
584.98	-1.1633	-3.0078
585.99	-1.1606	-2.9918
586.99	-1.1593	-2.9826
587.99	-1.1599	-2.9839
588.99	-1.161	-2.9842
589.99	-1.1602	-2.991
590.99	-1.1609	-2.9938
591.99	-1.1613	-2.9903
592.99	-1.161	-2.984
593.99	-1.1608	-2.9822
594.99	-1.1686	-2.9905
596	-1.2034	-2.9313
597	-1.2035	-2.9285
598	-1.2077	-2.9271
599	-1.2075	-2.9265
