0	1.8198	-2.2342
1.001	1.0375	-0.16135
2.002	-0.73369	-0.25469
3.003	-1.0644	-2.4283
4.004	0.1386	-3.6221
5.005	1.3112	-2.5185
6.006	1.2959	-0.88279
7.007	-0.24726	-1.2959
8.008	-0.7447	-2.8776
9.009	-0.0064398	-3.9132
10.01	0.84659	-2.4291
11.011	0.73368	-0.48363
12.012	-0.58112	-0.91925
13.013	0.35931	-2.6339
14.014	2.203	-2.1922
15.015	2.2687	-0.67933
16.016	0.94697	0.50605
16.983	-0.25797	0.24902
17.984	-0.24888	-1.8347
18.985	1.3738	-2.3035
19.986	2.568	-1.0913
20.987	2.4013	-1.0843
21.988	2.3854	-1.0819
22.989	2.3808	-1.0779
23.99	2.3945	-1.0623
24.991	2.3929	-1.0316
25.992	2.3932	-1.0297
26.993	2.3782	-1.033
27.994	2.4134	-0.99015
28.995	2.4068	-1.0276
29.996	2.4166	-1.003
30.997	2.4319	-0.99347
31.998	2.4523	-1.0002
32.999	2.4515	-1.0059
34	2.4443	-1.0038
35.001	2.4541	-1.0487
36.002	2.4212	-1.0708
37.003	2.414	-1.0903
38.004	2.4101	-1.0938
39.005	2.4102	-1.0934
40.006	2.4705	-1.0669
41.007	2.4923	-1.0713
42.008	2.4924	-1.0633
43.009	2.5467	-1.039
44.01	2.5861	-0.98315
45.011	2.5762	-0.97928
46.012	2.574	-0.97881
47.013	2.5664	-0.98152
48.014	2.5595	-1.0625
49.015	2.3429	-1.1275
50.016	2.9258	-2.0936
50.984	3.0108	-1.8338
51.985	2.8071	-2.2736
52.986	2.1847	-2.9842
53.987	1.5374	-3.4401
54.988	1.2437	-3.623
55.989	-0.001177	-3.9996
56.99	-0.17525	-4.0079
57.991	0.43114	-3.9198
58.992	1.8483	-3.2598
59.993	2.4559	-2.7056
60.994	2.897	-2.1289
61.995	3.1756	-1.623
62.996	2.2191	-1.26
63.997	0.92325	-2.4279
64.998	1.5482	-3.2657
65.999	2.4626	-1.6918
67	2.9783	-0.058276
68.001	3.4366	0.60825
69.002	3.2743	1.343
70.003	2.9611	1.8353
71.004	2.9615	1.8197
72.005	2.9605	1.8233
73.006	2.9606	1.8087
74.007	2.9591	1.8173
75.008	2.933	1.9409
76.009	2.4494	2.5877
77.01	2.2458	2.9641
78.011	1.8436	3.1431
79.012	1.2785	3.4105
80.013	1.4863	3.5558
81.014	1.8977	3.3523
82.015	2.6979	2.5441
83.016	3.328	1.3146
83.983	3.5176	0.21271
84.984	3.4791	-0.38264
85.985	3.3675	-1.0715
86.986	2.8773	-2.1723
87.987	2.3409	-2.825
88.988	1.2969	-3.5905
89.989	0.22628	-3.9529
90.99	-1.0842	-4.0005
91.991	-2.114	-3.7199
92.992	-3.0907	-3.1453
93.993	-3.6935	-2.5644
94.994	-4.0539	-2.0596
95.995	-3.8492	-2.3131
96.996	-3.3625	-2.0526
97.997	-2.0007	-2.7455
98.998	-2.3228	-2.3075
100	-0.092165	-1.7477
101	1.0436	-3.7209
102	0.34601	-3.8614
103	-1.5506	-2.151
104	0.57497	0.45503
105.01	3.4561	-0.19858
106.01	1.8461	0.39838
107.01	2.8433	2.3421
108.01	2.9049	1.8751
109.01	2.532	0.41451
110.01	3.0419	-0.54417
111.01	3.1923	-0.79866
112.01	2.8699	-1.5451
113.01	2.8749	-2.1135
114.01	3.2175	-1.5171
114.98	3.4872	-0.51116
115.98	3.2683	-0.39573
116.98	3.2388	1.219
117.98	2.5754	2.6216
118.99	2.7152	2.5175
119.99	3.2917	1.46
120.99	3.5134	0.42626
121.99	3.457	-0.67077
122.99	3.2349	-1.4684
123.99	2.7893	-2.2674
124.99	2.414	-2.7628
125.99	1.6385	-3.4011
126.99	1.5357	-3.4685
127.99	0.75903	-3.8186
129	0.18086	-3.9725
130	0.18219	-3.9717
131	0.18219	-3.9713
132	0.17196	-3.9828
133	0.17137	-3.9759
134	0.17354	-3.9756
135	0.15575	-3.9747
136	0.15908	-3.9594
137	0.16782	-3.947
138	0.20888	-3.9545
139.01	0.22211	-3.9688
140.01	0.20097	-3.9642
141.01	0.20903	-3.9348
142.01	0.20917	-3.9629
143.01	0.18448	-3.9612
144.01	7.5294e-005	-4.0018
145.01	-0.82461	-4.0104
146.01	-1.6262	-3.8836
147.01	-2.6678	-3.4395
148.01	-2.9128	-3.2789
149.01	-2.9586	-3.2603
149.98	-2.9019	-3.3015
150.98	-2.2599	-3.6338
151.99	-1.7367	-3.1085
152.99	-0.28925	-3.9826
153.99	1.7383	-2.5229
154.99	2.3569	0.10203
155.99	2.6362	2.4469
156.99	3.135	1.4607
157.99	3.4799	0.491
158.99	3.5125	0.54146
159.99	3.2803	1.4507
160.99	2.9099	1.8377
162	1.5131	1.8834
163	0.035278	1.9097
164	-0.39458	0.45271
165	0.98909	-0.57309
166	2.2179	-1.2405
167	3.1089	-1.5143
168	3.2057	-1.2256
169	3.2055	-1.2259
170	3.2076	-1.2263
171	3.2012	-1.3985
172.01	2.8014	-2.2415
173.01	2.862	-2.0332
174.01	1.9476	-0.93409
175.01	0.20568	0.74101
176.01	2.0141	1.9783
177.01	2.8537	1.0752
178.01	1.8905	-1.7534
179.01	1.9047	-2.2195
180.01	0.72032	-1.677
181.01	-2.2466	-2.6261
182.01	-3.405	-2.8639
182.98	-2.8033	-3.3488
183.98	-2.2162	-2.1756
184.98	-1.208	-0.44949
185.99	-0.66504	1.2413
186.99	-0.32069	2.8277
187.99	0.62991	2.967
188.99	1.6391	2.3047
189.99	2.0696	2.4973
190.99	2.0692	2.4968
191.99	2.089	2.4756
192.99	2.1352	1.3189
193.99	1.7989	-0.25113
194.99	1.9635	-1.9203
196	2.452	-2.6183
197	2.8111	-2.1661
198	3.143	-1.4918
199	3.2423	-0.54396
200	3.0082	0.46495
201	3.2736	0.84407
202	2.6398	1.9843
203	2.5684	2.6101
204	1.8831	3.1423
205.01	0.92493	2.7804
206.01	-0.28725	1.779
207.01	-0.83822	0.81854
208.01	-0.81899	0.83976
209.01	-0.80077	0.84544
210.01	-0.80799	0.84382
211.01	-0.79915	0.84531
212.01	-0.80109	0.83745
213.01	-0.80145	0.83454
214.01	-0.80121	0.83443
215.01	-0.81061	0.8208
215.98	-0.80351	0.8231
216.98	-0.80166	0.82664
217.98	-0.82616	0.80298
218.99	-0.81694	0.78662
219.99	-0.80163	0.77461
220.99	-0.78341	0.76715
221.99	-0.79028	0.76698
222.99	-0.77461	0.7656
223.99	-0.77295	0.76526
224.99	-0.78019	0.76568
225.99	-0.7281	0.75644
226.99	-0.75632	0.75791
227.99	-0.77164	0.75528
229	-0.78324	0.76664
230	-0.80125	0.7376
231	-0.95237	0.73888
232	-0.84711	0.73995
233	-0.96711	1.4392
234	-1.1984	3.9854
235	-0.45894	3.477
236	1.0566	1.2191
237	3.0493	-1.3526
238	3.228	-1.5241
239.01	3.3366	-1.2011
240.01	3.3999	-0.99834
241.01	3.5172	-0.15791
242.01	3.5166	-0.2944
243.01	3.4523	-0.71051
244.01	3.1714	-1.6199
245.01	2.8678	-1.8816
246.01	2.9987	-1.9674
247.01	3.2759	-1.4057
248.01	3.4807	-0.57207
249.01	3.4289	-0.86387
249.98	3.3196	-1.2558
250.98	3.0184	-1.9303
251.99	2.567	-2.5934
252.99	2.0908	-3.0255
253.99	1.5984	-2.8628
254.99	0.7057	-1.9187
255.99	-0.084015	-1.1809
256.99	0.039405	-0.10302
257.99	0.028732	-0.12678
258.99	0.025495	-0.1168
259.99	0.019463	-0.12903
260.99	0.011919	-0.13553
262	0.018562	-0.13543
263	0.029595	-0.13949
264	0.010732	-0.17316
265	0.14518	-0.40509
266	0.075036	-0.41845
267	0.91087	-0.57246
268	2.6659	-0.23516
269	3.1456	1.7285
270	3.2821	1.4774
271	3.5021	0.48084
272.01	3.5099	-0.17909
273.01	3.5249	-0.23087
274.01	3.345	-1.1106
275.01	3.0154	-1.9152
276.01	2.8085	-1.7267
277.01	2.2993	-0.80669
278.01	1.1871	-0.15079
279.01	0.50649	0.90358
280.01	0.51814	1.196
281.01	0.51126	1.1986
282.01	0.51084	1.1959
282.98	0.5112	1.198
283.98	0.5093	1.1961
284.98	0.50981	1.1972
285.99	0.50501	1.1967
286.99	0.18565	0.8646
287.99	-1.0259	1.4339
288.99	-1.8641	2.7887
289.99	-1.3491	3.9959
290.99	-0.8347	4.1324
291.99	-1.3865	4.091
292.99	-1.6707	4.0251
293.99	-2.4897	3.6762
294.99	-3.0163	3.3471
296	-3.2044	2.9277
297	-1.9107	2.6657
298	-0.28824	1.7067
299	0.38378	-0.23107
300	-0.34307	-2.4937
301	0.59929	-3.8118
302	1.7413	-3.3314
303	1.4033	-3.542
304	0.62604	-3.8606
305.01	0.35824	-3.9281
306.01	0.34808	-3.911
307.01	0.27218	-3.898
308.01	-0.36946	-3.3865
309.01	0.699	-1.4924
310.01	2.3699	0.6478
311.01	3.1995	1.6499
312.01	3.4056	1.0467
313.01	3.5248	0.18981
314.01	3.3902	-0.94674
315.01	2.9666	-2.0219
315.98	2.5031	-2.66
316.98	1.3867	-3.5459
317.98	1.0458	-3.7121
318.99	-0.26179	-4.018
319.99	-1.207	-3.974
320.99	-2.448	-3.577
321.99	-3.523	-2.7435
322.99	-3.977	-2.2038
323.99	-4.3775	-1.3854
324.99	-4.6104	-0.38423
325.99	-4.6266	0.27198
326.99	-4.4641	1.2362
327.99	-4.3125	1.6945
329	-4.2209	1.878
330	-3.4905	1.7645
331	-4.1584	1.8504
332	-4.3272	1.5683
333	-3.3454	1.8948
334	-3.6309	2.7579
335	-3.1137	3.2715
336	-2.5466	3.6384
337	-1.2294	3.1995
338	0.97911	3.0625
339.01	1.7179	1.4411
340.01	3.3094	-0.51089
341.01	3.1842	-1.6132
342.01	3.0036	-1.4822
343.01	2.4487	0.20769
344.01	0.041746	1.3885
345.01	-0.95877	4.0797
346.01	-0.94568	4.1375
347.01	-1.0573	3.4441
348.01	-1.2987	1.9896
349.01	-1.4154	0.47865
349.98	-1.3481	-0.82558
350.98	-2.027	-1.6561
351.99	-2.4755	-1.9341
352.99	-2.4804	-1.9301
353.99	-2.4811	-1.9307
354.99	-2.4818	-1.9311
355.99	-2.49	-1.9393
356.99	-2.4949	-1.9434
357.99	-2.4928	-1.9476
358.99	-2.4934	-1.9497
359.99	-2.4991	-1.9473
360.99	-2.4842	-1.9468
362	-2.4853	-1.9467
363	-2.4773	-1.9441
364	-2.4818	-1.9409
365	-2.5855	-1.8555
366	-2.4532	-1.8155
367	-2.6088	-1.5719
368	-2.5483	-1.6495
369	-2.5497	-1.6442
370	-2.5503	-1.6443
371	-2.5488	-1.6497
372.01	-2.5484	-1.6558
373.01	-2.5507	-1.6491
374.01	-2.55	-1.6448
375.01	-2.5326	-1.7007
376.01	-1.1852	-2.5239
377.01	0.91594	-2.9371
378.01	2.772	-2.236
379.01	NaN	NaN
380.01	3.1286	-1.6935
381.01	2.7907	-2.2921
382.01	2.4261	-2.7343
382.98	1.9395	-3.167
383.98	1.8013	-2.8678
384.98	1.8158	-1.5614
385.99	1.4693	-0.64591
386.99	1.7405	0.64498
387.99	2.2484	2.0695
388.99	1.7961	2.2813
389.99	1.7932	2.2794
390.99	1.7943	2.2809
391.99	1.7941	2.2808
392.99	2.2422	2.3668
393.99	2.7281	2.4359
394.99	2.5351	2.6824
396	2.5423	2.7373
397	3.0422	2.0148
398	3.3838	1.1603
399	3.5193	-0.094351
400	3.2145	-1.5199
401	2.7334	-2.3827
402	2.3592	-2.8152
403	1.3997	-3.5417
404	0.11213	-3.9755
405.01	0.080209	-3.8666
406.01	0.1167	-2.4125
407.01	-0.78358	-0.97767
408.01	-1.7483	0.061506
409.01	-2.9444	1.0837
410.01	-3.2953	2.2518
411.01	-3.0127	2.0429
412.01	-3.0131	2.0696
413.01	-3.0201	2.078
414.01	NaN	NaN
415.01	-4.5307	1.014
415.98	-4.0196	1.8899
416.98	-3.8478	1.9786
417.98	2.7516	0.82214
418.99	-3.3902	1.0638
419.99	-3.2946	1.1005
420.99	-4.604	0.79521
421.99	-3.7548	1.9253
422.99	-3.439	1.2216
423.99	-3.7372	1.935
424.99	2.7952	0.84163
425.99	NaN	NaN
426.99	NaN	NaN
427.99	NaN	NaN
429	NaN	NaN
430	NaN	NaN
431	NaN	NaN
432	NaN	NaN
433	NaN	NaN
434	1.1686	0.96798
435	1.1575	0.91949
436	1.1423	0.9697
437	-4.1334	1.4674
438	0.69178	-0.83675
439.01	0.71737	-0.82823
440.01	0.72765	-0.8277
441.01	0.72825	-0.82918
442.01	0.6451	-1.1098
443.01	0.31504	-0.68762
444.01	0.80435	1.2375
445.01	0.044775	4.0254
446.01	-0.66251	4.1727
447.01	-0.62041	4.1901
448.01	0.12941	4.1145
449.01	1.1144	3.8013
449.98	2.0262	3.2439
450.98	2.7044	2.5317
451.99	3.2699	1.4982
452.99	3.5085	0.54872
453.99	3.4057	-0.89181
454.99	2.8622	-2.1901
455.99	2.2586	-2.9078
456.99	1.3056	-3.5958
457.99	0.11719	-3.9814
458.99	-1.1463	-3.9958
459.99	-1.1553	-3.1009
460.99	-2.0555	-3.6382
462	-1.6885	-2.4302
463	0.45904	-0.77319
464	2.1426	1.4245
465	2.7812	2.4191
466	2.5617	2.3068
467	2.5851	2.6819
468	3.1642	1.7494
469	3.485	0.63729
470	3.4988	-0.2653
471	3.4966	-0.26817
472.01	3.5067	-0.22465
473.01	3.5328	0.083141
474.01	3.5104	0.49022
475.01	3.4098	0.91788
476.01	2.8169	0.5774
477.01	3.1891	-0.69605
478.01	3.2372	-1.3508
479.01	2.638	-2.4984
480.01	1.846	-3.23
481.01	1.5304	-3.4441
482.01	0.46651	-3.8875
482.98	0.15316	-3.9202
483.98	-0.7556	-4.0268
484.98	-0.51203	-4.0391
485.99	0.53059	-3.8968
486.99	1.6517	-3.3828
487.99	2.611	-2.5419
488.99	3.1633	-1.6545
489.99	3.501	-0.40942
490.99	3.5161	0.27273
491.99	3.3282	1.3159
492.99	2.8813	2.2678
493.99	2.1427	3.1422
494.99	2.0113	3.2247
496	1.5183	3.5797
497	1.5424	3.262
498	2.224	2.685
499	1.0403	1.0536
500	-0.046457	-1.3572
501	0.63028	-3.8014
502	1.0886	-3.7013
503	2.2234	-2.9349
504	2.7628	-2.3428
505.01	3.2961	-1.3035
506.01	3.5126	-0.31998
507.01	3.4538	0.82494
508.01	3.1433	1.8007
509.01	2.5919	2.6581
510.01	2.3158	2.2071
511.01	3.1628	1.6245
512.01	3.1492	1.2814
513.01	2.8335	2.349
514.01	2.2546	3.0296
515.01	1.4719	3.614
515.98	1.0065	3.8554
516.98	0.67405	3.3174
517.98	1.6706	2.0829
518.99	2.7542	-0.01942
519.99	3.4229	-0.49709
520.99	3.248	-1.4211
521.99	3.3704	-1.0116
522.99	3.516	-0.24972
523.99	3.4512	0.82437
524.99	3.3624	1.2565
525.99	2.97	2.1256
526.99	2.4861	2.7942
527.99	2.8126	2.3866
529	3.3093	1.3819
530	3.5247	0.25623
531	3.3577	-1.0916
532	2.9823	-1.9028
533	2.1114	-1.0412
534	1.238	0.13743
535	0.93118	1.7334
536	0.21587	2.8299
537	0.20554	2.8353
538	0.19836	2.8452
539.01	0.19183	2.8465
540.01	0.19669	2.8451
541.01	0.19078	2.8638
542.01	0.13562	2.8912
543.01	0.11895	2.9014
544.01	0.09282	2.938
545.01	0.055288	2.898
546.01	0.056911	2.8847
547.01	0.066458	2.8767
548.01	0.073262	2.8757
549.01	0.066227	2.8729
549.98	0.066895	2.8751
550.98	0.073866	2.8724
551.99	0.078046	2.8733
552.99	0.082021	2.8721
553.99	0.069888	2.8378
554.99	0.055549	2.8442
555.99	0.065368	2.8311
556.99	0.058399	2.8371
557.99	0.064641	2.8407
558.99	0.064383	2.846
559.99	0.056163	2.8433
560.99	0.055355	2.8307
562	0.048848	2.8297
563	0.045986	2.8316
564	0.036764	2.7994
565	0.034273	2.7882
566	0.029821	2.8
567	0.036157	2.8007
568	0.0376	2.7995
569	0.019994	2.7966
570	-0.014689	2.7639
571	-0.015989	2.7583
572.01	-0.021965	2.755
573.01	-0.015592	2.7554
574.01	0.00010469	2.7296
575.01	0.035975	2.6861
576.01	0.031022	2.6731
577.01	0.026855	2.6743
578.01	0.011539	2.6738
579.01	0.0080538	2.6664
580.01	0.0041234	2.6632
581.01	0.021874	2.6542
582.01	0.10833	2.1889
582.98	0.37614	1.4944
583.98	0.99444	1.0266
584.98	1.4515	1.1653
585.99	1.4106	1.189
586.99	1.4051	1.207
587.99	1.4305	1.2081
588.99	1.4237	1.2073
589.99	1.4231	1.2062
590.99	1.4169	1.1973
591.99	1.4229	1.1916
592.99	1.4212	1.1935
593.99	1.4254	1.1959
594.99	1.4519	1.1647
596	2.2334	0.79858
597	2.1199	1.5632
598	1.0307	1.5964
599	-0.06312	1.1657
