0	-2.1023	3.3923
1.001	-1.0366	3.7496
2.002	0.7437	3.6481
3.003	-0.26618	2.7899
4.004	-1.7341	1.5429
5.005	-3.78	1.6956
6.006	-3.22	1.5095
7.007	-2.6346	2.9646
8.008	-1.1408	3.6532
9.009	-0.066492	3.725
10.01	-1.1641	3.7051
11.011	-1.3469	2.7342
12.012	-0.88317	0.93383
13.013	0.95643	0.84923
14.014	1.1825	2.6733
15.015	0.018726	3.6976
16.016	-1.558	3.4117
16.983	-2.1326	1.9997
17.984	-3.2668	0.84879
18.985	-4.2237	0.17201
19.986	-4.3864	-0.14292
20.987	-4.3209	-1.0434
21.988	-4.1294	-1.6833
22.989	-3.9345	-2.1562
23.99	-3.6858	-2.6157
24.991	-3.5768	-1.8474
25.992	-2.6084	-1.1279
26.993	-1.1371	-1.5003
27.994	-0.27542	-0.75728
28.995	0.58175	0.57343
29.996	-0.40611	1.6477
30.997	-0.89805	3.2586
31.998	-1.3481	3.6695
32.999	-1.5375	3.5539
34	-0.53698	2.7509
35.001	0.61202	3.6111
36.002	1.8169	3.0602
37.003	2.5832	2.182
38.004	2.7442	0.80458
39.005	3.507	0.60202
40.006	3.2401	1.6052
41.007	2.4755	2.5716
42.008	1.451	3.2838
43.009	0.042726	3.6989
44.01	-1.3482	3.4792
45.011	-2.2652	2.8952
46.012	-2.9852	2.633
47.013	-3.0275	1.798
48.014	-2.4159	0.55621
49.015	-1.2051	-0.32839
50.016	0.038886	0.25676
50.984	0.50451	1.5839
51.985	-0.25987	2.884
52.986	-1.4223	3.5653
53.987	-2.2797	3.0926
54.988	-2.7916	2.1997
55.989	-2.4927	1.2344
56.99	-1.7401	0.077987
57.991	-0.88627	-0.82803
58.992	-0.40819	-2.1376
59.993	0.22609	-3.3946
60.994	1.3459	-3.7282
61.995	2.197	-3.2682
62.996	2.8076	-2.5664
63.997	2.5684	-1.3122
64.998	2.761	-0.057335
65.999	3.5328	0.78541
67	3.3531	1.3556
68.001	2.798	1.6511
69.002	1.7855	2.3968
70.003	0.76491	3.5255
71.004	0.15315	3.7455
72.005	-0.27729	3.3847
73.006	-0.94603	3.7561
74.007	-1.1461	3.6973
75.008	-1.2588	3.0602
76.009	-0.62068	1.8539
77.01	0.73633	1.2792
78.011	2.0465	1.7377
79.012	2.312	2.7418
80.013	1.3147	3.1866
81.014	0.11425	3.3735
82.015	-0.6054	3.7232
83.016	-1.499	3.2301
83.983	-1.8428	2.1999
84.984	-1.0491	0.93961
85.985	0.31612	0.44861
86.986	1.7687	1.1455
87.987	3.0726	1.8195
88.988	3.2683	1.0714
89.989	3.7189	-0.055776
90.99	3.6422	-1.1444
91.991	3.3404	-1.974
92.992	2.6816	-3.0346
93.993	1.7925	-3.7603
94.994	1.1141	-4.0957
95.995	-0.023786	-4.3524
96.996	-1.165	-4.1741
97.997	-2.4996	-3.5699
98.998	-2.9234	-3.4299
100	-2.3507	-3.8128
101	-1.6889	-4.1836
102	-0.91736	-4.367
103	-0.54766	-3.8442
104	-0.21487	-2.9003
105.01	-0.84619	-1.9458
106.01	-1.7748	-1.1069
107.01	-3.1171	-0.72925
108.01	-3.9187	0.41891
109.01	-3.8589	0.83909
110.01	-3.6886	1.8921
111.01	-3.7443	1.9668
112.01	-4.0493	1.3443
113.01	-4.2683	0.65617
114.01	-4.3847	-0.19884
114.98	-4.343	-0.98834
115.98	-4.182	-1.6306
116.98	-3.8076	-2.4315
117.98	-3.3597	-3.0161
118.99	-2.9795	-3.3711
119.99	-2.4463	-3.7555
120.99	-1.6769	-4.1619
121.99	-1.0405	-4.1872
122.99	-1.1814	-2.9992
123.99	-1.9971	-1.8546
124.99	-2.3428	-1.674
125.99	-2.3986	-1.4624
126.99	-2.2303	-1.1816
127.99	-2.1672	-0.15146
129	-3.4165	0.49089
130	-4.1667	0.97432
131	-3.6805	0.95465
132	-3.4982	1.1093
133	-3.7288	1.7664
134	-2.8171	2.1871
135	-1.8328	1.0629
136	-2.9508	-0.24736
137	-3.9088	-1.4815
138	-4.1851	-1.5669
139.01	-4.0499	-1.4639
140.01	-4.0712	-1.2139
141.01	-4.3059	-0.61307
142.01	-3.1021	-0.66538
143.01	-3.898	-1.7115
144.01	-4.1366	-1.6055
145.01	-3.835	-0.37571
146.01	-4.1102	0.34418
147.01	-4.006	1.3545
148.01	-3.3547	2.255
149.01	-2.3568	3.1979
149.98	-1.176	3.7071
150.98	-0.0087246	3.7632
151.99	1.4611	3.347
152.99	2.4092	2.6483
153.99	3.3654	1.4161
154.99	3.584	0.55463
155.99	3.7003	-0.26457
156.99	3.5263	-1.3478
157.99	3.3982	-1.7802
158.99	3.5776	-1.3994
159.99	3.71	-0.61467
160.99	3.6491	0.43503
162	3.2383	1.499
163	2.464	2.4446
164	1.2346	2.4065
165	0.30634	1.1946
166	-0.61327	-0.036682
167	-0.77253	-1.4912
168	0.1723	-2.7231
169	1.5908	-2.7945
170	2.7234	-2.1118
171	2.9049	-0.87886
172.01	2.2697	0.60658
173.01	0.93518	1.537
174.01	-0.3042	0.91686
175.01	-1.7468	0.43675
176.01	-3.3895	0.084484
177.01	-3.9278	-0.72604
178.01	-3.0587	-1.4417
179.01	-1.7231	-1.9907
180.01	-0.20223	-2.1799
181.01	1.3007	-1.7985
182.01	2.1041	-0.57506
182.98	2.2751	0.74617
183.98	2.2173	2.2171
184.98	1.4783	3.2081
185.99	0.72744	3.5935
186.99	-0.18922	3.3429
187.99	-0.94463	2.1592
188.99	-1.7854	0.96324
189.99	-2.8121	0.15571
190.99	-2.8278	-1.3662
191.99	-1.8447	-1.6529
192.99	-0.67155	-2.2004
193.99	0.75533	-2.5512
194.99	2.2167	-2.8008
196	3.1339	-2.0641
197	3.5934	-1.3195
198	3.0871	-0.22899
199	2.6931	1.0872
200	1.5849	1.7085
201	0.53573	2.7238
202	-0.0007502	3.7165
203	-0.8035	3.3269
204	-1.6719	2.8291
205.01	-2.5335	1.7791
206.01	-3.3356	0.84193
207.01	-4.2395	0.45365
208.01	-4.1447	-0.48064
209.01	-4.0756	-1.5239
210.01	-3.7155	-2.387
211.01	-2.7005	-2.6721
212.01	-1.7396	-2.5995
213.01	-0.60552	-2.0596
214.01	0.78225	-2.0936
215.01	2.0732	-2.7045
215.98	2.6661	-2.9145
216.98	3.1177	-1.9524
217.98	2.5711	-0.93609
218.99	1.6525	-0.01096
219.99	0.96291	1.3352
220.99	0.31434	2.6174
221.99	-0.46894	3.707
222.99	-1.2418	3.5646
223.99	-2.1925	3.1768
224.99	-2.8694	2.6006
225.99	-3.42	2.1402
226.99	-4.0028	1.3854
227.99	-4.089	0.28741
229	-4.0804	-0.95559
230	-3.4019	-1.6532
231	-2.3372	-1.6858
232	-1.4593	-2.5577
233	-0.32773	-2.9452
234	0.25866	-2.1514
235	1.0068	-1.1302
236	1.0519	0.19955
237	1.6141	1.433
238	2.5623	2.4064
239.01	2.5707	2.4448
240.01	2.4055	2.5391
241.01	2.1808	2.8566
242.01	1.8549	3.0648
243.01	1.7697	3.1643
244.01	1.7208	3.2495
245.01	1.3467	3.43
246.01	1.0498	3.5339
247.01	1.0031	2.8385
248.01	1.9398	2.7234
249.01	2.4934	2.5993
249.98	2.8347	2.2147
250.98	3.3369	1.3877
251.99	3.4803	0.57571
252.99	3.7048	-0.5566
253.99	3.5968	-1.4017
254.99	3.3742	-1.9856
255.99	3.1776	-2.0594
256.99	2.8832	-2.8059
257.99	2.3129	-3.4024
258.99	1.7717	-3.7964
259.99	1.4035	-4.0216
260.99	0.73274	-4.239
262	-0.13591	-4.3356
263	-0.43967	-4.2254
264	-1.3092	-4.1759
265	-1.9212	-4.012
266	-2.4191	-3.7285
267	-3.0761	-3.2313
268	-3.4351	-2.8156
269	-3.8118	-2.274
270	-4.0314	-1.6429
271	-4.2706	-0.77328
272.01	-4.2625	0.13849
273.01	-4.1447	0.97433
274.01	-3.7733	1.479
275.01	-3.1301	2.2306
276.01	-3.2283	2.47
277.01	-3.1405	2.586
278.01	-3.3075	2.4472
279.01	-3.5252	2.2151
280.01	-3.8991	1.6444
281.01	-4.1942	0.91855
282.01	-3.6147	0.87114
282.98	-3.0437	1.7342
283.98	-2.9915	2.6836
284.98	-2.4386	3.1173
285.99	-1.6041	3.5623
286.99	-0.69664	3.7724
287.99	-0.093658	3.7533
288.99	0.58365	3.6584
289.99	1.3439	3.406
290.99	2.0919	2.9326
291.99	2.6395	2.3917
292.99	3.2337	1.495
293.99	3.2962	1.1263
294.99	3.1835	0.91516
296	3.3434	0.99541
297	3.3703	0.93374
298	3.2534	0.97907
299	2.8554	0.61129
300	2.9807	-0.6127
301	2.2134	-1.544
302	0.70671	-1.9401
303	-0.3249	-1.2136
304	-1.364	-1.6168
305.01	-2.7459	-1.9538
306.01	-3.8041	-2.1319
307.01	-4.0039	-1.9876
308.01	-4.0708	-1.9016
309.01	-3.7076	-1.6247
310.01	-3.6693	-0.6887
311.01	-3.5311	0.72143
312.01	-3.9015	1.4876
313.01	-3.5241	2.0904
314.01	-3.0561	2.6534
315.01	-2.3756	3.1679
315.98	-1.6542	3.5354
316.98	-0.53414	3.6959
317.98	0.44511	3.4563
318.99	1.6995	3.0031
319.99	2.5951	2.3761
320.99	3.3646	1.3595
321.99	3.6601	0.48747
322.99	3.7382	-0.093674
323.99	3.6583	-0.67595
324.99	3.4418	-1.6834
325.99	2.9705	-2.598
326.99	2.0859	-3.4799
327.99	0.70679	-3.7762
329	-0.055799	-4.2933
330	-1.1276	-4.2524
331	-2.2342	-3.5819
332	-3.162	-2.9434
333	-3.7673	-2.2383
334	-4.1845	-1.0789
335	-4.2624	-0.19093
336	-4.0815	0.6509
337	-3.5792	1.7145
338	-3.6088	2.0816
339.01	-2.887	2.0344
340.01	-2.2059	0.96649
341.01	-0.94913	0.75742
342.01	0.1732	1.797
343.01	1.7781	2.1022
344.01	2.6183	2.5323
345.01	2.4534	2.7312
346.01	2.1708	2.9551
347.01	1.564	3.3313
348.01	0.93647	3.5834
349.01	0.4532	3.743
349.98	-0.35022	3.7822
350.98	-1.0968	3.7141
351.99	-1.8338	3.4771
352.99	-2.5101	3.1602
353.99	-3.1146	2.6936
354.99	-3.63	2.0735
355.99	-3.756	1.9339
356.99	-4.032	1.3468
357.99	-4.2141	0.85047
358.99	-4.3441	0.081202
359.99	-4.3768	-0.61005
360.99	-4.3378	-0.97435
362	-4.3409	-0.98665
363	-4.2531	-1.3371
364	-4.1518	-1.6675
365	-3.9224	-2.1936
366	-3.4852	-2.8734
367	-2.7476	-3.5976
368	-2.2393	-3.9111
369	-1.7491	-4.1093
370	-0.97541	-4.3202
371	-0.066473	-4.3864
372.01	0.5345	-4.2986
373.01	0.75624	-3.8632
374.01	0.43774	-2.8309
375.01	0.22044	-2.4655
376.01	0.22309	-2.4625
377.01	-0.48613	-2.771
378.01	-1.1333	-2.5566
379.01	-0.54595	-1.7963
380.01	-0.68545	-0.33267
381.01	-1.5536	0.96747
382.01	-2.4368	2.0059
382.98	-2.895	2.8282
383.98	-2.9411	2.8474
384.98	-3.143	2.6554
385.99	-3.271	2.5633
386.99	-3.6578	2.0531
387.99	-3.8894	1.6439
388.99	-4.1764	1.0135
389.99	-4.3384	0.30579
390.99	-4.4108	-0.28211
391.99	-4.3416	-0.99658
392.99	-4.1809	-1.6293
393.99	-3.9066	-2.2149
394.99	-3.5138	-2.8437
396	-3.0262	-3.3321
397	-2.4157	-3.8008
398	-1.6849	-4.1388
399	-1.2347	-4.3112
400	-0.57284	-4.3875
401	-0.1544	-4.3453
402	0.21379	-3.4247
403	0.65056	-2.6001
404	0.94707	-1.8457
405.01	0.94826	-1.8186
406.01	0.94826	-1.8186
407.01	0.94032	-1.8198
408.01	0.94127	-1.8023
409.01	0.94603	-1.7965
410.01	0.93962	-1.8195
411.01	0.9391	-1.8191
412.01	0.94039	-1.782
413.01	0.93859	-1.7995
414.01	0.95721	-1.7606
415.01	1.0884	-0.88465
415.98	1.5179	0.019383
416.98	1.64	0.93235
417.98	1.3091	1.9586
418.99	0.51602	2.7043
419.99	0.52126	3.5314
420.99	-0.21802	3.5045
421.99	-1.4272	3.4458
422.99	-1.91	3.2113
423.99	-2.7492	2.9598
424.99	-2.8838	2.3129
425.99	-3.2968	1.4819
426.99	-4.0914	0.95796
427.99	-4.0517	-0.095559
429	-4.171	-1.1897
430	-3.7239	-2.1118
431	-3.2299	-2.7043
432	-2.8094	-2.5323
433	-1.8452	-2.9895
434	-1.1278	-3.7062
435	-0.59651	-4.3506
436	0.17246	-4.0916
437	0.15527	-3.5772
438	0.1544	-3.5564
439.01	0.15406	-3.5465
440.01	0.14862	-3.5606
441.01	0.14603	-3.5766
442.01	0.15437	-3.452
443.01	0.32887	-2.8706
444.01	0.94109	-2.2316
445.01	1.797	-1.4824
446.01	2.8255	-0.97282
447.01	3.182	-0.24946
448.01	3.4752	0.57161
449.01	3.2686	1.4519
449.98	2.8752	2.0912
450.98	2.1019	2.7225
451.99	1.1005	3.4507
452.99	0.24848	3.6587
453.99	-0.70821	3.4325
454.99	-1.5011	3.5329
455.99	-2.1305	3.2889
456.99	-2.7995	2.8291
457.99	-2.9099	2.0882
458.99	-3.2107	1.4633
459.99	-3.879	0.70722
460.99	-4.0667	-0.49257
462	-3.8877	-1.5754
463	-2.9356	-1.7729
464	-1.8255	-1.9018
465	-0.77962	-2.8148
466	0.32529	-3.1516
467	1.3378	-3.5452
468	2.2057	-3.2487
469	2.8667	-2.3037
470	3.461	-1.6653
471	3.6721	-0.68257
472.01	3.521	0.089291
473.01	2.7521	0.58291
474.01	2.198	1.4914
475.01	2.253	2.6538
476.01	2.0526	2.9314
477.01	0.96632	3.0616
478.01	-0.26838	3.5148
479.01	-1.1449	3.6008
480.01	-2.0526	2.8553
481.01	-2.7628	1.8268
482.01	-2.559	0.95143
482.98	-2.9814	-0.095559
483.98	-3.902	-1.0851
484.98	-3.9717	-1.6381
485.99	-3.2408	-2.4759
486.99	-2.683	-3.418
487.99	-1.8229	-4.0686
488.99	-0.97126	-4.3064
489.99	-0.070224	-4.3325
490.99	0.93382	-4.1314
491.99	1.8312	-3.6382
492.99	2.6634	-3.0337
493.99	3.1134	-2.2923
494.99	3.5522	-1.509
496	3.7043	-0.66643
497	3.6721	0.32156
498	3.4997	0.96247
499	3.1586	1.7352
500	2.5359	2.5929
501	2.4086	2.655
502	1.5313	2.8492
503	0.47136	2.9646
504	-0.37176	3.4976
505.01	-1.4121	3.334
506.01	-1.4091	2.2797
507.01	-0.80908	1.1116
508.01	-0.92484	-0.1983
509.01	-0.48015	-1.4359
510.01	0.4976	-1.9873
511.01	1.2809	-2.8674
512.01	1.902	-3.6219
513.01	2.7824	-2.8314
514.01	3.2394	-1.9685
515.01	3.536	-0.7842
515.98	3.5608	0.026093
516.98	3.4795	1.1342
517.98	3.0211	1.8178
518.99	2.9105	2.2506
519.99	2.3967	2.7406
520.99	1.7719	3.2234
521.99	1.3499	3.474
522.99	0.6672	3.6958
523.99	-0.17875	3.3906
524.99	-0.82618	2.7667
525.99	-1.3775	2.0825
526.99	-2.0937	3.1529
527.99	-2.0832	3.3732
529	-1.9932	3.4647
530	-1.4615	3.6584
531	-0.93767	3.7753
532	-0.17201	3.8128
533	0.6381	3.6681
534	1.5537	3.3314
535	2.3723	2.7839
536	2.9613	2.1297
537	3.2083	1.7756
538	3.5442	1.0321
539.01	3.7277	0.24994
540.01	3.7515	-0.59556
541.01	3.5866	-1.5137
542.01	3.2739	-2.2414
543.01	2.8568	-2.885
544.01	2.2452	-3.4584
545.01	2.0832	-3.6026
546.01	1.7568	-3.8022
547.01	0.87078	-4.1958
548.01	-0.074593	-4.3684
549.01	-0.98838	-4.3266
549.98	-1.9539	-4.0572
550.98	-2.7906	-3.5541
551.99	-3.2043	-3.1751
552.99	-3.7743	-2.4548
553.99	-3.8233	-2.3515
554.99	-3.8415	-1.7965
555.99	-4.0808	-1.4147
556.99	-4.3496	-0.53735
557.99	-4.3183	0.24829
558.99	-4.1031	1.1531
559.99	-3.7338	1.8311
560.99	-3.3058	2.4613
562	-2.8851	2.8089
563	-2.9887	2.6962
564	-3.145	2.5941
565	-3.4974	2.217
566	-3.7352	1.7289
567	-3.9151	0.9151
568	-3.9807	0.081565
569	-3.9718	0.11814
570	-3.9546	0.0020505
571	-3.9738	0.041003
572.01	-3.9762	0.028405
573.01	-3.9751	0.039166
574.01	-3.814	0.133
575.01	-3.7339	0.51288
576.01	-2.9005	0.473
577.01	-1.6938	0.33592
578.01	-0.50867	-0.11593
579.01	0.047691	-1.4904
580.01	0.040729	-2.8453
581.01	0.63069	-4.1664
582.01	0.64052	-4.2814
582.98	0.76174	-4.2574
583.98	1.3665	-4.0039
584.98	1.5848	-3.8046
585.99	1.1633	-2.8883
586.99	0.32895	-2.2505
587.99	-0.80661	-2.0517
588.99	-1.7734	-2.8132
589.99	-2.4211	-3.0158
590.99	-2.1753	-3.8754
591.99	-1.5473	-4.0704
592.99	-0.61237	-4.321
593.99	0.39297	-4.215
594.99	1.3826	-3.9877
596	2.2132	-3.3989
597	2.7239	-2.7923
598	3.2753	-2.1497
598.97	3.3737	-1.3012
