0	-1.9866	0.13263
1.001	-3.1809	-1.8349
2.002	-3.6032	-2.2354
3.003	-3.0568	-3.1804
4.004	-2.3719	-3.7089
5.005	-1.3105	-4.0529
6.006	-0.47624	-4.3017
7.007	0.68688	-3.4408
8.008	2.0997	-3.3716
9.009	2.9365	-2.7832
10.01	2.0002	-3.0924
11.011	1.3396	-1.3363
12.012	2.1492	0.087071
13.013	3.4391	0.87976
14.014	3.4865	1.1827
15.015	3.422	0.077793
16.016	3.6891	0.4592
16.983	3.3217	1.5544
17.984	2.279	2.8625
18.985	0.96546	3.5939
19.986	0.97428	3.5837
20.987	-0.51643	3.794
21.988	-2.0723	3.3909
22.989	-2.2333	2.6213
23.99	-2.4772	0.91983
24.991	-3.2212	-0.51543
25.992	-3.7963	-1.8301
26.993	-3.5889	-2.6899
27.994	-2.7893	-3.3813
28.995	-1.8498	-4.0556
29.996	-1.1007	-4.1106
30.997	-0.057066	-4.385
31.998	0.8799	-4.0704
32.999	1.9402	-3.5355
34	2.8793	-2.7657
35.001	3.4201	-1.7392
36.002	3.6131	-0.36414
37.003	3.5366	0.87766
38.004	2.9342	2.0644
39.005	2.1103	2.9318
40.006	1.9394	3.0393
41.007	2.6164	2.5304
42.008	3.2945	1.585
43.009	2.7212	0.80578
44.01	3.5555	-0.20043
45.011	3.36	-0.47385
46.012	3.6452	-0.9703
47.013	2.4957	-1.3657
48.014	0.9457	-1.7478
49.015	0.30279	-3.3799
50.016	-0.40135	-4.3861
50.984	0.19949	-4.3286
51.985	1.4323	-3.9739
52.986	2.533	-3.2309
53.987	3.3516	-2.1094
54.988	3.6801	-1.1364
55.989	3.7447	0.17429
56.99	3.7096	0.19817
57.991	3.4767	0.39031
58.992	2.5498	1.6035
59.993	1.6973	2.6623
60.994	1.3835	3.3976
61.995	0.16027	3.6491
62.996	-0.88027	3.7068
63.997	-1.6248	3.3546
64.998	-2.3717	3.184
65.999	-2.8855	2.8951
67	-1.8491	3.4759
68.001	-1.2032	3.6896
69.002	-0.26692	2.8964
70.003	-0.27457	2.8984
71.004	0.66843	3.4364
72.005	2.1573	2.7882
73.006	2.991	2.1118
74.007	2.7425	2.217
75.008	1.6069	2.9729
76.009	0.2474	3.6957
77.01	-0.93199	3.6743
78.011	-1.9781	3.335
79.012	-2.4956	3.202
80.013	-3.3908	2.3955
81.014	-4.0817	1.2433
82.015	-4.2657	0.70955
83.016	-4.3757	-0.2448
83.983	-4.1806	-1.6194
84.984	-3.6227	-2.7056
85.985	-2.9541	-2.9639
86.986	-2.1219	-3.8705
87.987	-1.1234	-4.3056
88.988	0.18012	-4.3037
89.989	1.3967	-3.9573
90.99	1.9668	-2.923
91.991	3.3128	-2.0899
92.992	3.6799	-0.95691
93.993	3.4294	0.38989
94.994	3.1708	1.3736
95.995	2.2432	2.2148
96.996	2.1844	2.1743
97.997	2.1685	2.8375
98.998	2.8574	2.1984
100	3.4303	0.97451
101	3.4901	-0.26457
102	3.1814	-1.6253
103	2.069	-2.2687
104	1.9991	-2.9883
105.01	1.8137	-3.7724
106.01	0.84351	-4.1295
107.01	-0.25801	-4.1773
108.01	-1.3214	-4.244
109.01	-2.4254	-3.7543
110.01	-3.3511	-2.7892
111.01	-3.7466	-2.0845
112.01	-3.5757	-1.108
113.01	-2.5794	-0.44124
114.01	-1.2709	-0.028668
114.98	0.26736	0.34257
115.98	1.7626	0.56928
116.98	3.1678	1.0077
117.98	3.5844	0.79505
118.99	3.7025	-0.28225
119.99	3.5613	-1.3627
120.99	3.0397	-2.4856
121.99	2.31	-3.3794
122.99	1.1221	-3.6533
123.99	0.50718	-4.2243
124.99	-0.61158	-4.2141
125.99	-1.5012	-3.6718
126.99	-2.3439	-2.5081
127.99	-1.8237	-1.1864
129	-0.50545	-0.3931
130	0.017274	1.0138
131	0.77267	2.4089
132	1.6983	3.1715
133	2.7133	2.3224
134	3.438	1.2217
135	3.6938	-0.012803
136	3.551	-1.3916
137	3.0097	-2.5594
138	2.1289	-3.4282
139.01	1.0418	-4.1178
140.01	-0.058081	-4.2424
141.01	-1.2558	-4.1508
142.01	-2.4193	-3.3757
143.01	-3.172	-2.3503
144.01	-3.6355	-0.94144
145.01	-2.9209	-0.15657
146.01	-1.6332	0.5349
147.01	-0.28557	1.3176
148.01	0.29046	2.4045
149.01	1.0377	3.5173
149.98	0.47788	3.6868
150.98	0.72625	3.6503
151.99	1.6883	3.2082
152.99	2.1253	2.0859
153.99	1.7692	0.69697
154.99	2.3038	-0.5809
155.99	2.6531	-2.003
156.99	1.9272	-3.2074
157.99	1.2747	-3.8066
158.99	0.18077	-3.6221
159.99	-0.85167	-3.1638
160.99	-2.197	-2.9324
162	-3.4765	-2.4927
163	-3.679	-1.3856
164	-4.0011	-1.1364
165	-4.3583	-0.3066
166	-4.2275	0.76086
167	-3.8237	1.5104
168	-2.8644	2.1652
169	-1.423	2.0262
170	0.13664	2.2799
171	1.5953	2.5438
172.01	2.7243	2.3135
173.01	3.4384	1.0888
174.01	3.4894	0.15469
175.01	3.5932	-1.2896
176.01	3.017	-2.1659
177.01	2.4636	-3.0934
178.01	1.931	-3.6127
179.01	0.96686	-3.5342
180.01	0.55307	-2.3711
181.01	-0.70008	-1.803
182.01	-2.131	-2.303
182.98	-3.2585	-2.5705
183.98	-4.029	-1.6314
184.98	-4.2433	-1.1385
185.99	-3.6578	-0.46174
186.99	-2.7071	0.38364
187.99	-1.7304	1.3194
188.99	-0.84297	2.058
189.99	-0.54122	3.531
190.99	0.38434	3.5179
191.99	1.7969	2.9148
192.99	2.7887	2.1391
193.99	3.1763	0.86378
194.99	3.698	0.1825
196	3.5342	-1.0115
197	3.1409	-1.9654
198	2.6407	-3.035
199	1.8499	-3.2168
200	0.90819	-2.8272
201	-0.44198	-2.9114
202	-1.4257	-3.6382
203	-1.7501	-4.0884
204	-2.6657	-3.6023
205.01	-3.4476	-2.8552
206.01	-4.0138	-1.7977
207.01	-3.4777	-0.80351
208.01	-2.569	-0.22254
209.01	-1.4141	0.74456
210.01	-0.42498	1.7821
211.01	0.4705	3.0458
212.01	-0.14099	3.7761
213.01	-1.1376	3.6023
214.01	-1.9116	3.3352
215.01	-2.1148	2.9558
215.98	-2.6971	2.5492
216.98	-3.1237	2.6098
217.98	-2.6629	3.0543
218.99	-1.806	3.4022
219.99	-0.95673	2.4553
220.99	-0.85756	2.0002
221.99	-0.13472	0.77304
222.99	1.3665	0.39179
223.99	2.8074	-0.049257
224.99	3.7235	-0.35671
225.99	3.4442	-1.5422
226.99	2.617	-2.7221
227.99	1.5874	-3.2305
229	0.67681	-3.9821
230	-0.35084	-4.1201
231	-1.4436	-4.0241
232	-2.304	-3.8139
233	-3.1425	-3.0003
234	-3.5653	-1.6545
235	-3.0513	-0.71533
236	-1.9585	-0.19161
237	-0.65937	0.3431
238	0.50025	1.1425
239.01	1.757	2.0502
240.01	2.598	2.4895
241.01	2.0688	3.024
242.01	1.6231	3.2476
243.01	1.2332	3.0759
244.01	1.4309	2.023
245.01	2.4639	1.1834
246.01	3.5619	0.7472
247.01	3.3859	1.1826
248.01	3.0831	1.7549
249.01	1.873	1.9893
249.98	2.0935	0.72728
250.98	3.3631	0.066577
251.99	3.6325	-0.93474
252.99	3.6052	-1.4651
253.99	3.2998	-2.2206
254.99	2.6296	-2.9179
255.99	2.2062	-3.5251
256.99	2.2889	-3.4927
257.99	2.8638	-2.8634
258.99	3.3338	-2.1109
259.99	3.5385	-1.6928
260.99	3.7657	-0.48621
262	3.593	0.83136
263	3.2729	1.6681
264	2.5453	2.6508
265	1.51	3.3452
266	0.79077	3.6401
267	-0.23931	3.7939
268	-1.3856	3.6695
269	-2.3157	3.299
270	-2.9142	2.8546
271	-3.3521	2.4152
272.01	-3.4595	2.282
273.01	-3.7431	1.9247
274.01	-4.1646	1.085
275.01	-4.3584	0.077935
276.01	-4.2984	-1.182
277.01	-4.185	-1.4241
278.01	-4.1109	-1.8277
279.01	-3.7718	-2.4621
280.01	-3.1425	-3.229
281.01	-2.2979	-3.8969
282.01	-1.3298	-4.2836
282.98	-0.18275	-4.3678
283.98	0.45868	-4.3001
284.98	1.0513	-4.1467
285.99	1.3814	-4.0201
286.99	1.9579	-3.627
287.99	2.6839	-2.9333
288.99	3.2781	-2.0646
289.99	3.6778	-1.0116
290.99	3.7092	0.1316
291.99	3.7435	0.28321
292.99	3.3996	1.3738
293.99	3.223	1.7138
294.99	2.7574	2.3656
296	1.7162	3.2544
297	1.0662	3.5789
298	0.16287	3.7748
299	-0.9714	3.7448
300	-1.5376	3.6015
301	-2.4726	3.1796
302	-3.1314	2.6812
303	-3.9167	1.6136
304	-4.3043	0.53824
305.01	-4.3831	-0.57005
306.01	-4.2202	-1.5062
307.01	-3.7908	-2.4435
308.01	-3.172	-3.2112
309.01	-2.4169	-3.7174
310.01	-1.8297	-3.1098
311.01	-0.89838	-2.5045
312.01	-1.3653	-1.4231
313.01	-2.7144	-1.7584
314.01	-2.9797	-3.2373
315.01	-1.462	-3.6217
315.98	0.14763	-3.5207
316.98	0.81584	-2.2784
317.98	2.0072	-2.0832
318.99	2.8381	-0.78358
319.99	2.1318	0.49833
320.99	0.65749	1.1149
321.99	-0.67625	0.57114
322.99	-2.1579	-0.22086
323.99	-3.4321	-1.2887
324.99	-4.1077	-1.7935
325.99	-4.1204	-1.7751
326.99	-3.4563	-1.4171
327.99	-2.4449	-0.66081
329	-1.5278	0.17048
330	-1.0683	1.546
331	-0.42256	2.6583
332	0.75475	3.4025
333	1.5476	3.2125
334	2.56	2.5038
335	3.2233	1.6952
336	3.4964	0.78292
337	3.4959	0.48743
338	3.4139	0.48575
339.01	2.5364	-0.1191
340.01	2.8625	-1.4188
341.01	3.238	-2.254
342.01	2.6185	-2.2358
343.01	1.2129	-2.1957
344.01	0.64024	-3.6312
345.01	0.43001	-4.3001
346.01	0.55614	-4.3209
347.01	1.0682	-4.1735
348.01	1.9769	-3.696
349.01	2.8354	-2.8825
349.98	3.2881	-2.2266
350.98	3.6678	-1.1452
351.99	3.7622	-0.078545
352.99	3.5025	1.1527
353.99	2.9138	2.2172
354.99	2.0921	3.0006
355.99	1.2155	3.4552
356.99	0.72001	3.6462
357.99	-0.47779	3.7937
358.99	-0.61195	3.6892
359.99	-0.91782	2.6188
360.99	-1.5106	1.4432
362	-2.3254	0.42422
363	-3.6917	-0.0057157
364	-4.3288	-0.28668
365	-4.0702	-1.4316
366	-3.7219	-2.4029
367	-2.8948	-3.0762
368	-2.2147	-3.8387
369	-1.2756	-4.2085
370	-0.39021	-4.3173
371	0.058535	-4.3869
372.01	0.8443	-4.2281
373.01	1.0778	-4.0159
374.01	0.047779	-3.7746
375.01	-0.58291	-4.3403
376.01	-0.76405	-4.3858
377.01	-1.4992	-4.2221
378.01	-2.4099	-3.8346
379.01	-3.0892	-3.2989
380.01	-3.6597	-2.5988
381.01	-4.0426	-1.9674
382.01	-4.2429	-1.3766
382.98	-4.3678	-0.61277
383.98	-4.34	0.28851
384.98	-4.0404	1.3457
385.99	-3.5021	2.2318
386.99	-2.8068	2.9218
387.99	-2.0797	3.1377
388.99	-1.7592	3.4218
389.99	-0.61194	3.7652
390.99	-0.19892	3.6907
391.99	0.81925	2.6921
392.99	2.0071	1.9879
393.99	3.0392	0.89955
394.99	3.432	-0.27564
396	3.3775	-1.7062
397	2.9401	-2.7488
398	2.0553	-3.565
399	1.2711	-4.0038
400	0.23978	-4.2147
401	-0.72734	-4.0907
402	-1.4525	-3.4221
403	-2.2029	-2.3383
404	-3.3407	-1.5648
405.01	-3.997	-0.61511
406.01	-4.3108	0.15102
407.01	-3.8531	1.565
408.01	-3.419	2.2136
409.01	-2.5405	3.037
410.01	-2.198	3.2585
411.01	-0.95098	3.0546
412.01	0.43473	2.9294
413.01	1.6866	2.8049
414.01	1.9169	3.0746
415.01	2.6471	2.4851
415.98	3.2317	1.6072
416.98	3.5857	0.79586
417.98	3.7108	-0.29245
418.99	3.5591	-1.4404
419.99	3.1197	-2.4702
420.99	2.371	-3.3552
421.99	1.6172	-3.729
422.99	0.62259	-4.1961
423.99	-0.31699	-4.3268
424.99	-0.8392	-4.3067
425.99	-1.4532	-3.5172
426.99	-2.6859	-3.4582
427.99	-3.5079	-2.6957
429	-3.7289	-1.417
430	-3.4308	-0.2873
431	-3.3149	0.97298
432	-3.0662	2.3008
433	-2.4947	3.0764
434	-1.4511	3.6289
435	-0.40514	3.7773
436	0.75394	3.6038
437	1.7224	3.0227
438	2.7797	2.2933
439.01	3.2373	1.5374
440.01	3.4891	0.74571
441.01	3.5155	0.66996
442.01	3.585	0.49996
443.01	3.3713	-0.65673
444.01	3.3809	-1.9644
445.01	2.7728	-2.8297
446.01	1.912	-3.5744
447.01	0.95559	-3.7937
448.01	0.10511	-3.7746
449.01	-0.12367	-4.3186
449.98	-0.53631	-4.387
450.98	-0.88828	-4.4049
451.99	-0.47021	-4.3747
452.99	0.2459	-4.3368
453.99	1.0949	-4.1423
454.99	1.6241	-3.9069
455.99	2.2794	-3.454
456.99	2.9216	-2.8077
457.99	3.4651	-1.8309
458.99	3.581	-1.5049
459.99	3.7555	-0.44913
460.99	3.7656	-0.37165
462	3.5427	-0.26049
463	3.2448	-0.26316
464	3.4588	-1.3384
465	3.1795	-2.1473
466	2.734	-2.5803
467	2.4575	-3.1169
468	2.1586	-3.5346
469	2.2578	-3.3287
470	3.0017	-2.5528
471	3.4702	-1.5885
472.01	3.6119	-0.81185
473.01	3.6444	0.44505
474.01	3.2654	1.6023
475.01	2.8299	2.263
476.01	2.1481	2.941
477.01	1.4307	3.228
478.01	0.30299	3.5993
479.01	-0.52668	3.6879
480.01	-1.5385	3.5643
481.01	-2.0511	3.0173
482.01	-2.7299	2.3201
482.98	-3.3868	2.3077
483.98	-3.9245	1.4118
484.98	-3.8485	0.93007
485.99	-3.0376	0.2409
486.99	-2.265	-0.85997
487.99	-1.7787	-1.8831
488.99	-1.1523	-2.5273
489.99	-0.75087	-2.7765
490.99	-0.029305	-3.0488
491.99	1.1272	-2.5129
492.99	2.0269	-3.1236
493.99	2.8772	-2.5822
494.99	3.5574	-1.5515
496	3.7086	-0.72768
497	3.6877	0.31579
498	3.4296	1.1739
499	2.9975	1.9901
500	3.3746	1.3863
501	3.6796	0.53548
502	3.7296	-0.70826
503	3.5499	-1.6095
504	3.1409	-2.4809
505.01	2.6296	-3.0975
506.01	1.7686	-2.8193
507.01	0.96507	-2.0552
508.01	-0.25578	-1.2788
509.01	-1.5027	-1.1053
510.01	-2.6852	-1.0225
511.01	-3.5224	-0.30409
512.01	-3.8537	0.78095
513.01	-4.1682	0.85266
514.01	-4.3291	-0.094759
515.01	-4.2283	-0.81576
515.98	-4.0924	-1.5692
516.98	-3.9373	-2.0258
517.98	-3.4884	-2.8381
518.99	-2.7882	-3.4082
519.99	-2.0913	-3.9343
520.99	-1.3551	-4.2116
521.99	-0.45164	-4.3399
522.99	-0.8218	-4.3384
523.99	-1.7371	-4.1439
524.99	-2.6346	-3.6858
525.99	-3.2523	-3.1467
526.99	-3.8178	-2.3846
527.99	-4.1368	-1.7564
529	-4.3235	-1.0881
530	-4.3835	-0.10802
531	-4.2006	0.90445
532	-3.934	1.6212
533	-3.2843	2.5104
534	-2.5218	3.1237
535	-2.1464	3.3518
536	-1.3195	3.6704
537	-0.63069	3.7937
538	-0.60202	3.8128
539.01	0.26785	3.7556
540.01	0.81642	3.6275
541.01	1.2874	3.4756
542.01	1.8697	3.1597
543.01	2.4537	2.7119
544.01	2.9227	2.1776
545.01	3.2706	1.6448
546.01	3.5913	0.8783
547.01	3.7656	0
548.01	3.7517	-0.68521
549.01	3.5623	-1.6028
549.98	3.1884	-2.4055
550.98	2.759	-2.9879
551.99	2.1883	-3.2681
552.99	1.8262	-2.5794
553.99	1.2933	-1.9178
554.99	1.2792	-1.9029
555.99	1.3215	-1.9179
556.99	1.2068	-1.3069
557.99	0.18999	-0.90765
558.99	-0.82411	-1.459
559.99	-1.6122	-2.1042
560.99	-2.772	-2.7604
562	-3.7986	-2.2897
563	-4.1364	-1.433
564	-4.2959	-0.46484
565	-4.2129	0.55379
566	-3.2496	1.1466
567	-2.5838	2.1822
568	-1.4248	2.6758
569	-1.1117	3.3254
570	-1.1111	3.3597
571	-1.1001	3.324
572.01	-0.85106	3.2958
573.01	0.046897	3.4602
574.01	0.79439	3.6124
575.01	1.5309	3.2326
576.01	2.3472	2.7113
577.01	3.1633	1.8061
578.01	3.4612	0.76646
579.01	3.6164	-0.3385
580.01	3.493	-1.2753
581.01	3.0947	-2.311
582.01	2.4237	-3.2735
582.98	1.515	-3.9231
583.98	0.73354	-3.8772
584.98	-0.2577	-3.8983
585.99	-1.2518	-4.1759
586.99	-1.8995	-3.9867
587.99	-2.7789	-3.3048
588.99	-2.8972	-2.1812
589.99	-3.1439	-0.95559
590.99	-2.7345	0.096688
591.99	-3.0049	1.2079
592.99	-2.7496	2.1472
593.99	-1.8158	2.5705
594.99	-0.54712	2.8673
596	0.63069	3.1439
597	0.66378	3.139
598	0.64149	3.1133
598.97	0.7883	2.9755
