0	1.0435	-0.32584
1.001	-0.31326	0.66745
2.002	-2.6369	0.59295
3.003	-4.183	0.71046
4.004	-4.0146	0.6584
5.005	-4.0524	0.65233
6.006	-4.1481	0.67
7.007	-3.7006	0.13337
8.008	-3.3933	-1.2246
9.009	-2.2502	-2.3653
10.01	-0.53613	-2.477
11.011	0.067159	-3.8413
12.012	1.2059	-4.0303
13.013	1.4626	-3.9746
14.014	2.0608	-3.6373
15.015	2.6716	-3.0913
16.016	3.3232	-2.1485
16.983	3.6548	-1.2371
17.984	3.7667	-0.32529
18.985	3.6391	0.7059
19.986	3.3859	1.4658
20.987	2.7876	2.3481
21.988	2.0961	3.0353
22.989	1.4953	3.3674
23.99	0.52976	3.7026
24.991	-0.45868	3.7937
25.992	-1.4287	3.6848
26.993	-2.5076	3.1566
27.994	-3.2757	2.502
28.995	-3.8445	1.7234
29.996	-4.243	0.75534
30.997	-4.3806	-0.053323
31.998	-4.3158	-1.0944
32.999	-3.9794	-2.1167
34	-3.4516	-2.9168
35.001	-2.873	-3.4946
36.002	-1.9468	-4.0297
37.003	-0.9747	-4.3384
38.004	-0.049233	-4.3851
39.005	0.79059	-4.2302
40.006	1.6701	-3.8686
41.007	2.3876	-3.3521
42.008	3.0865	-2.5132
43.009	3.4174	-1.8979
44.01	3.706	-0.97316
45.011	3.7232	-0.75813
46.012	3.7519	-0.022543
47.013	3.6224	0.78564
48.014	3.1892	1.8137
49.015	2.5409	2.6171
50.016	1.9263	3.1211
50.984	1.2865	3.493
51.985	0.45868	3.7363
52.986	-0.48735	3.7746
53.987	-1.4407	3.6288
54.988	-2.2267	3.2875
55.989	-2.3093	3.2754
56.99	-2.9011	2.8915
57.991	-3.5291	2.2116
58.992	-3.9851	1.4532
59.993	-4.307	0.49548
60.994	-4.3861	-0.28668
61.995	-4.2733	-1.2162
62.996	-3.939	-2.1141
63.997	-3.4786	-2.8955
64.998	-2.5108	-3.7624
65.999	-1.6606	-4.1732
67	-0.86003	-4.367
68.001	-0.44913	-4.4053
69.002	0.23965	-4.3388
70.003	0.98266	-4.1927
71.004	1.8919	-3.7448
72.005	2.394	-3.3596
73.006	2.9299	-2.767
74.007	3.4686	-1.835
75.008	3.679	-1.1849
76.009	3.7556	-0.2494
77.01	3.7336	0.30303
78.011	3.5178	1.0434
79.012	3.3032	1.5843
80.013	2.8095	2.3124
81.014	2.1969	2.9326
82.015	1.2744	3.491
83.016	0.49732	3.7366
83.983	-0.52557	3.7937
84.984	-1.1246	3.7232
85.985	-1.2345	3.1819
86.986	-1.4117	1.818
87.987	-0.60327	0.97518
88.988	-0.91506	-0.38708
89.989	-2.0901	-0.80004
90.99	-2.1488	0.49588
91.991	-0.84642	0.59808
92.992	-1.2987	0.43069
93.993	-2.3074	1.715
94.994	-1.272	2.682
95.995	-0.23141	2.8176
96.996	-0.45961	1.5202
97.997	-1.7787	1.2314
98.998	-1.4557	2.5263
100	-0.46824	1.9016
101	-0.58229	0.21932
102	-2.0257	-0.40293
103	-3.3848	0.09367
104	-3.2775	1.2025
105.01	-1.6645	1.164
106.01	-0.19154	0.67822
107.01	0.084695	-0.49588
108.01	-1.4437	-0.90984
109.01	-2.8864	-0.45
110.01	-4.0632	0.36093
111.01	-3.2209	1.2714
112.01	-1.8213	1.2461
113.01	-0.60072	0.4793
114.01	-1.2202	-0.83404
114.98	-2.5419	-0.64729
115.98	-3.7075	-0.039422
116.98	-2.8294	0.84259
117.98	-2.1778	-0.19959
118.99	-1.891	-1.5285
119.99	-1.0695	-2.5982
120.99	-1.8373	-3.4673
121.99	-2.3683	-3.797
122.99	-2.1596	-3.9848
123.99	-1.6846	-4.1419
124.99	-1.1051	-4.2929
125.99	-0.28668	-4.3861
126.99	0.40822	-4.3366
127.99	1.394	-4.0118
129	1.8654	-3.7056
130	1.3741	-3.1249
131	0.24398	-3.7304
132	-0.017182	-4.2786
133	0.77692	-3.9388
134	1.6459	-3.4904
135	1.7823	-2.0588
136	1.3487	-0.72795
137	1.1083	0.42971
138	-0.32419	0.15158
139.01	-0.92237	-1.1815
140.01	-0.20067	-2.217
141.01	0.59249	-3.2108
142.01	1.8278	-2.7944
143.01	1.7031	-1.6893
144.01	0.33881	-1.4558
145.01	-0.49508	-2.6579
146.01	-0.82007	-4.0112
147.01	-0.60202	-4.3861
148.01	-0.82915	-4.3744
149.01	-1.5848	-4.174
149.98	-2.2645	-3.9166
150.98	-2.9954	-3.4346
151.99	-3.5432	-2.7882
152.99	-3.9329	-2.175
153.99	-4.1566	-1.6239
154.99	-4.3539	-0.77946
155.99	-4.3855	-0.11621
156.99	-4.2611	0.67789
157.99	-4.0648	1.3224
158.99	-3.8334	1.7893
159.99	-3.3936	2.3998
160.99	-2.8382	2.9144
162	-2.2969	3.2817
163	-1.3167	3.6593
164	-0.70175	3.7831
165	-0.048984	3.793
166	NaN	NaN
167	0.89922	2.6386
168	1.7589	2.5889
169	1.8602	3.0927
170	0.77203	3.4377
171	-0.24504	3.3891
172.01	-1.3029	2.4129
173.01	-1.3267	1.148
174.01	0.1038	1.0598
175.01	1.1303	2.1378
176.01	0.47653	3.3236
177.01	-0.64194	2.6204
178.01	0.1235	1.7584
179.01	1.1002	0.64192
180.01	2.4845	0.4109
181.01	3.4581	0.98417
182.01	3.5169	1.089
182.98	3.6029	0.91855
183.98	3.707	0.47761
184.98	3.7524	-0.15896
185.99	3.7383	-0.67133
186.99	3.6118	-1.3738
187.99	3.3706	-2.0322
188.99	2.975	-2.7175
189.99	2.5298	-3.2376
190.99	2.0616	-3.6287
191.99	1.4422	-3.9843
192.99	0.7542	-4.2241
193.99	0.16273	-4.3481
194.99	-0.48735	-4.3861
196	-1.2784	-4.2791
197	-1.964	-4.0449
198	-2.6253	-3.6381
199	-3.1054	-3.2865
200	-3.5813	-2.7666
201	-3.9139	-2.2504
202	-4.1759	-1.615
203	-4.3082	-1.1067
204	-4.3922	-0.50012
205.01	-4.3891	-0.074655
206.01	-4.2954	0.58673
207.01	-4.2312	0.80001
208.01	-4.1766	0.62948
209.01	-3.6321	0.88829
210.01	-4.0141	1.299
211.01	-4.0045	1.3849
212.01	-4.1634	1.0292
213.01	-4.2625	0.51633
214.01	-4.3741	-0.32753
215.01	-4.3058	-1.0677
215.98	-4.1544	-1.679
216.98	-3.7724	-2.482
217.98	-3.0883	-3.2886
218.99	-2.5362	-3.7119
219.99	-1.6973	-4.1241
220.99	-0.87872	-4.3283
221.99	0.029808	-4.3391
222.99	0.82092	-4.2322
223.99	1.6322	-3.8968
224.99	2.3474	-3.3702
225.99	3.011	-2.6282
226.99	3.4982	-1.6925
227.99	3.7274	-0.70828
229	3.7016	0.32787
230	3.3759	1.4177
231	2.7968	2.3679
232	2.3125	2.8285
233	1.5412	3.3385
234	0.92037	3.5859
235	-0.022718	3.7819
236	-0.85047	3.7555
237	-1.7885	3.5171
238	-2.6406	3.0899
239.01	-3.3339	2.454
240.01	-3.5608	2.1947
241.01	-3.9734	1.4886
242.01	-4.2842	0.631
243.01	-4.3931	-0.2312
244.01	-4.3474	-0.87777
245.01	-4.1925	-1.6029
246.01	-3.801	-2.4259
247.01	-3.1985	-3.1701
248.01	-2.5534	-3.7188
249.01	-1.8395	-4.1053
249.98	-0.96624	-4.32
250.98	-0.08666	-4.3763
251.99	0.87048	-4.1962
252.99	1.6135	-3.8964
253.99	1.9491	-3.7349
254.99	2.5594	-3.1904
255.99	3.1696	-2.4054
256.99	3.5554	-1.5492
257.99	3.7363	-0.76447
258.99	3.7572	0.059824
259.99	3.6466	0.66573
260.99	3.3462	1.5308
262	2.9205	2.2253
263	2.3236	2.843
264	1.5556	3.3327
265	0.9459	3.5929
266	0.2389	3.7555
267	-0.44913	3.7937
268	-1.0462	3.7604
269	-1.7764	3.544
270	-2.3882	3.2254
271	-3.0624	2.7274
272.01	-3.4945	2.2514
273.01	-3.9044	1.6478
274.01	-4.1854	0.96393
275.01	-4.3253	0.37871
276.01	-4.3937	-0.33106
277.01	-4.369	-0.85934
278.01	-4.2111	-1.507
279.01	-3.9139	-2.214
280.01	-3.4995	-2.8782
281.01	-2.9699	-3.41
282.01	-2.5835	-3.7107
282.98	-2.1308	-3.9743
283.98	-1.5576	-4.2141
284.98	-0.94794	-4.3682
285.99	-0.28668	-4.4053
286.99	0.84168	-4.1956
287.99	1.6117	-3.8845
288.99	2.348	-3.3697
289.99	2.9432	-2.7425
290.99	3.4283	-1.9256
291.99	3.6088	-1.4298
292.99	3.6492	-1.2031
293.99	3.6695	-1.2518
294.99	3.7457	-0.61227
296	3.7162	0.22744
297	3.5109	1.0844
298	3.1158	1.931
299	2.5504	2.6177
300	2.0794	3.0171
301	1.3092	3.4309
302	0.82876	3.6381
303	0.33446	3.7555
304	-0.66891	3.7937
305.01	-1.4572	3.656
306.01	-2.214	3.3413
307.01	-2.9148	2.8452
308.01	-3.5137	2.214
309.01	-3.5918	2.1468
310.01	-3.801	1.8323
311.01	-4.1201	1.1767
312.01	-4.3228	0.44158
313.01	-4.4043	-0.23063
314.01	-4.3275	-0.99246
315.01	-4.181	-1.5632
315.98	-3.9767	-2.1521
316.98	-3.5418	-2.8069
317.98	-2.9833	-3.3757
318.99	-2.3286	-3.8394
319.99	-1.7201	-4.1281
320.99	-1.2598	-4.309
321.99	-0.55466	-4.4055
322.99	0.1342	-4.3667
323.99	0.78565	-4.2162
324.99	1.4438	-3.9757
325.99	2.0409	-3.6271
326.99	2.5049	-3.2682
327.99	2.8474	-2.8851
329	3.1906	-2.3775
330	3.1844	-2.3723
331	3.1902	-2.3874
332	3.2302	-2.3508
333	3.4025	-1.9888
334	3.5793	-1.5058
335	3.725	-0.88216
336	3.7453	-0.05765
337	3.6126	0.76494
338	3.3864	1.4261
339.01	2.8285	2.3024
340.01	2.3474	2.8352
341.01	1.7494	3.26
342.01	1.0657	3.5784
343.01	0.43957	3.7363
344.01	-0.47737	3.7934
345.01	-1.1817	3.7062
346.01	-2.0091	3.4327
347.01	-2.5037	3.1896
348.01	-3.1596	2.6529
349.01	-3.5335	2.1862
349.98	-3.8003	1.8496
350.98	-4.1011	1.1764
351.99	-4.3098	0.45959
352.99	-4.3848	-0.28853
353.99	-4.3422	-0.99822
354.99	-4.0988	-1.7956
355.99	-3.7289	-2.4868
356.99	-3.2919	-3.1108
357.99	-2.7287	-3.6278
358.99	-1.991	-4.0447
359.99	-1.3268	-4.2409
360.99	-0.60321	-4.3678
362	0.016622	-4.3653
363	0.6446	-4.2664
364	1.4756	-3.9414
365	1.9502	-3.6889
366	2.4424	-3.3202
367	2.8854	-2.8471
368	3.2478	-2.2724
369	3.5246	-1.6896
370	3.6312	-1.3187
371	3.7622	-0.56993
372.01	3.7409	0.18557
373.01	3.6161	0.79716
374.01	3.4748	1.2765
375.01	3.1817	1.7959
376.01	2.7011	2.4531
377.01	2.2154	2.9229
378.01	1.5878	3.3366
379.01	0.97508	3.5836
380.01	0.14939	3.7719
381.01	-0.52236	3.7735
382.01	-0.69647	3.3259
382.98	-1.0399	3.2678
383.98	-0.352	2.7826
384.98	-0.79344	3.1441
385.99	-0.40301	3.0182
386.99	-0.40384	3.0366
387.99	-0.24845	3.335
388.99	0.47123	2.8253
389.99	-0.25583	3.3231
390.99	0.65282	2.982
391.99	0.11624	2.5139
392.99	0.72459	3.2095
393.99	1.0878	1.8368
394.99	0.22709	2.3485
396	1.2809	2.1799
397	0.24808	1.452
398	0.51605	2.6656
399	1.1212	1.9266
400	0.45987	0.63861
401	-0.64098	0.97331
402	-0.06543	2.2521
403	0.86762	3.2528
404	0.56667	3.2513
405.01	-0.10511	3.7555
406.01	-1.1071	3.5903
407.01	-2.1137	3.308
408.01	-2.916	2.564
409.01	-3.5284	2.0385
410.01	-2.9976	1.1513
411.01	-1.9673	0.62229
412.01	-0.99358	-0.075701
413.01	-0.50641	-1.1844
414.01	-0.20945	-2.3228
415.01	-1.2008	-2.4261
415.98	-2.2176	-1.7801
416.98	-2.5212	-0.61046
417.98	-1.7889	0.046615
418.99	-1.0233	-0.72598
419.99	-1.7935	-1.3862
420.99	-3.0001	-1.2707
421.99	-4.0602	-0.83023
422.99	-4.2706	0.075114
423.99	-3.5641	0.80306
424.99	-2.4289	0.36124
425.99	-2.2737	-0.72738
426.99	-3.1033	-1.3965
427.99	-4.0427	-1.7285
429	-3.8569	-2.2605
430	-3.4016	-2.9615
431	-2.799	-3.477
432	-2.0747	-3.9178
433	-1.2718	-4.2344
434	-0.43957	-4.3001
435	0.49505	-4.2926
436	1.1089	-3.9665
437	1.6918	-3.8131
438	2.3253	-3.2808
439.01	2.6699	-2.8709
440.01	3.1234	-2.0815
441.01	3.4027	-1.2433
442.01	3.7195	-0.54636
443.01	3.7015	0.25444
444.01	3.5364	0.89715
445.01	3.181	1.6039
446.01	2.7279	2.2398
447.01	1.9981	2.9437
448.01	1.1697	3.1186
449.01	0.67649	3.6003
449.98	-0.066891	3.7363
450.98	-0.87337	3.6925
451.99	-1.6357	3.4804
452.99	-2.3511	3.1823
453.99	-2.7124	2.9468
454.99	-2.779	2.9162
455.99	-2.4866	3.059
456.99	-1.9081	3.4369
457.99	-1.2187	3.646
458.99	-0.44119	3.5923
459.99	0.3257	3.6965
460.99	0.98147	3.5359
462	1.8929	3.0617
463	2.5996	2.3414
464	2.7173	1.3421
465	3.1627	0.3156
466	2.7051	-0.49761
467	1.9317	-0.075218
468	1.0445	0.46093
469	-0.070704	0.5769
470	-0.74586	-0.095249
471	-1.5931	-0.805
472.01	-2.5494	-0.8673
473.01	-3.3645	-0.010744
474.01	-3.9881	0.89514
475.01	-3.7244	1.3159
476.01	-2.7246	1.0987
477.01	-1.9118	0.305
478.01	-1.216	-0.30806
479.01	-0.56425	-1.2036
480.01	0.23673	-2.0094
481.01	0.30567	-3.0477
482.01	-0.50925	-3.6772
482.98	-1.5109	-3.4789
483.98	-2.427	-3.0576
484.98	-3.3828	-2.9528
485.99	-3.6487	-2.2914
486.99	-3.8607	-1.4053
487.99	-4.3472	-0.49682
488.99	-4.0423	0.32409
489.99	-4.0277	1.3137
490.99	-3.5802	1.7552
491.99	-2.7971	2.2315
492.99	-1.863	2.2842
493.99	-0.85749	2.6262
494.99	0.047385	2.8477
496	0.20083	3.6692
497	-0.46958	3.7917
498	-1.2013	3.6487
499	-1.8588	3.3105
500	-2.4889	3.0919
501	-2.8565	2.6951
502	-3.3879	2.317
503	-3.7887	1.7927
504	-4.0437	1.1382
505.01	-4.2927	0.5477
506.01	-4.3328	-0.29211
507.01	-4.2257	-1.0087
508.01	-3.9337	-1.5631
509.01	-3.5707	-2.4115
510.01	-3.5455	-2.6464
511.01	-3.0601	-3.0596
512.01	-2.7498	-3.5903
513.01	-2.2653	-3.898
514.01	-1.4961	-4.1523
515.01	-0.84387	-4.2206
515.98	-0.1438	-4.3273
516.98	0.59731	-4.2184
517.98	1.2797	-4.0034
518.99	2.025	-3.6013
519.99	2.7418	-2.9717
520.99	3.1247	-2.2555
521.99	3.5254	-1.3473
522.99	3.4283	-0.80614
523.99	3.6328	-0.011494
524.99	3.6026	0.6498
525.99	3.3706	1.3161
526.99	3.0094	2.0529
527.99	2.6258	2.3579
529	2.1814	2.9094
530	1.7266	3.2273
531	1.1261	3.458
532	0.411	3.7172
533	-0.30537	3.7552
534	-1.1454	3.7159
535	-1.8401	3.4548
536	-2.5189	3.0082
537	-3.2284	2.5126
538	-3.5558	1.9706
539.01	-3.9478	1.3016
540.01	-4.2688	0.58083
541.01	-4.2529	-0.037752
542.01	-3.9494	-1.0054
543.01	-4.0602	-1.8157
544.01	-3.6794	-2.4841
545.01	-3.1622	-3
546.01	-2.4652	-3.6692
547.01	-1.9078	-4.0291
548.01	-1.0754	-4.2665
549.01	-0.57297	-4.3004
549.98	0.084589	-4.2802
550.98	0.90525	-4.1659
551.99	1.5409	-3.8814
552.99	2.2812	-3.3889
553.99	2.6668	-2.7724
554.99	3.1239	-1.8822
555.99	3.5159	-1.4335
556.99	3.6611	-0.44146
557.99	3.6724	0.48345
558.99	3.3975	1.3344
559.99	2.9585	1.5816
560.99	2.4932	2.3875
562	2.0855	2.8673
563	1.117	3.3617
564	0.051617	3.4252
565	-1.0673	3.5151
566	-1.3283	2.5514
567	-1.0097	1.4078
568	-0.71489	0.36514
569	-0.11801	-0.3115
570	0.72799	-0.71453
571	0.93434	-1.7783
572.01	0.13499	-2.4855
573.01	-0.67652	-2.2813
574.01	-1.7869	-2.2647
575.01	-2.6264	-2.8484
576.01	-3.0189	-3.1825
577.01	-3.3553	-2.8674
578.01	-3.2427	-2.9971
579.01	-3.0278	-3.3132
580.01	-2.6084	-3.6593
581.01	-1.9661	-4.0294
582.01	-1.4152	-4.168
582.98	-0.71729	-4.1281
583.98	-0.10638	-4.277
584.98	0.61865	-4.2418
585.99	1.3532	-3.9804
586.99	2.0769	-3.5206
587.99	2.7614	-2.9529
588.99	3.1453	-2.1335
589.99	3.5261	-1.3009
590.99	3.6795	-0.74614
591.99	3.7109	-0.15635
592.99	3.6043	0.4753
593.99	3.5163	0.98409
594.99	3.1705	1.8038
596	2.5899	2.4647
597	1.9908	2.7839
598	1.1765	3.3549
598.97	0.50646	3.6886
