0	2.2653	-2.6653
1.001	2.3221	-2.303
2.002	3.7077	-0.99381
3.003	3.7432	0.22618
4.004	3.1534	1.8634
5.005	2.1163	2.9948
6.006	0.44805	3.7068
7.007	-0.90347	3.3498
8.008	-2.3507	2.3603
9.009	-3.7182	1.9467
10.01	-3.0129	2.3495
11.011	-1.4232	1.9889
12.012	0.36592	0.95875
13.013	1.7694	-0.42848
14.014	2.2746	-2.1968
15.015	1.7762	-3.7829
16.016	0.26994	-4.2644
16.983	-1.0965	-4.2542
17.984	-2.1736	-3.6931
18.985	-3.4294	-2.8842
19.986	-4.0722	-1.6458
20.987	-4.0326	-0.70713
21.988	-4.2286	0.606
22.989	-3.9941	1.3118
23.99	-3.5213	2.2313
24.991	-2.8627	2.8436
25.992	-1.6841	3.4428
26.993	-0.26132	3.7381
27.994	1.1793	3.4634
28.995	2.4512	2.6523
29.996	3.0843	1.518
30.997	3.4098	0.78306
31.998	3.6497	0.68842
32.999	3.7093	0.26695
34	2.8377	0.18183
35.001	1.167	-0.13391
36.002	-0.40135	-1.118
37.003	-1.7284	-2.5523
38.004	-2.7551	-3.4933
39.005	-3.3634	-2.896
40.006	-3.8886	-1.9013
41.007	-3.9007	-2.1193
42.008	-3.295	-2.6728
43.009	-2.561	-2.9336
44.01	-1.1483	-2.7011
45.011	0.38342	-3.1804
46.012	1.5936	-3.8038
47.013	1.6928	-3.4801
48.014	1.5198	-3.9469
49.015	1.795	-3.8113
50.016	2.6941	-3.0762
50.984	3.4279	-1.9369
51.985	3.7286	-0.85047
52.986	3.6473	0.70413
53.987	3.1239	1.8819
54.988	2.3277	2.8249
55.989	1.1441	3.5522
56.99	-0.024363	3.7995
57.991	-0.87916	3.7653
58.992	-1.7324	3.5272
59.993	-2.2528	3.3033
60.994	-2.6539	2.8978
61.995	-1.9484	1.9899
62.996	-0.75546	1.4805
63.997	0.7358	1.0798
64.998	1.8858	0.80666
65.999	1.8623	0.84058
67	1.8836	0.83284
68.001	1.8455	0.86114
69.002	2.3247	1.4593
70.003	2.494	2.3031
71.004	2.4924	2.3203
72.005	2.5028	2.322
73.006	2.5028	2.3116
74.007	2.5234	2.2754
75.008	2.5723	2.2759
76.009	2.6936	2.2449
77.01	2.9029	1.3793
78.011	3.341	1.5349
79.012	3.4575	1.3172
80.013	3.2568	0.78548
81.014	2.0651	0.059325
82.015	1.2236	-1.2804
83.016	0.14904	-1.7346
83.983	-0.3239	-2.3805
84.984	-0.90638	-3.8029
85.985	-1.7392	-3.9848
86.986	-2.5146	-3.0697
87.987	-3.2469	-2.168
88.988	-3.9968	-1.1876
89.989	-4.3372	-0.2375
90.99	-4.1198	0.49501
91.991	-3.7447	1.3839
92.992	-3.4314	2.2746
93.993	-2.699	2.9092
94.994	-1.7572	3.3909
95.995	-0.63292	3.2282
96.996	0.64135	2.619
97.997	2.1901	2.6636
98.998	2.8105	1.9989
100	3.3084	1.4061
101	3.6402	0.40344
102	3.6977	-0.76408
103	3.2383	-1.537
104	2.5325	-2.3032
105.01	1.8455	-3.5911
106.01	1.3013	-3.8428
107.01	0.22235	-4.2836
108.01	-1.0077	-4.2956
109.01	-1.6922	-4.0044
110.01	-2.6567	-3.4888
111.01	-3.4237	-2.708
112.01	-4.107	-1.6227
113.01	-3.8116	-0.45679
114.01	-4.1098	0.90722
114.98	-4.0786	0.97221
115.98	-4.0807	0.9265
116.98	-4.1198	0.93357
117.98	-4.1944	0.80289
118.99	-4.1809	1.0366
119.99	-3.664	2.0299
120.99	-2.9856	2.7758
121.99	-1.9474	3.4659
122.99	-1.0229	3.7366
123.99	-0.75403	3.2129
124.99	-0.35398	1.9016
125.99	0.51147	1.1816
126.99	1.7028	0.2705
127.99	2.0287	-1.0861
129	2.6634	-2.3002
130	2.0551	-3.3832
131	0.69847	-3.7259
132	-0.29871	-3.5
133	-1.1563	-2.5812
134	-1.7276	-1.5091
135	-1.6737	-0.17386
136	-1.7105	1.1085
137	-2.4548	1.9028
138	-3.0652	2.6482
139.01	-3.0662	2.6566
140.01	-3.0592	2.6723
141.01	-3.0317	2.6336
142.01	-3.0508	2.6338
143.01	-3.0319	2.5866
144.01	-2.99	2.5229
145.01	-2.9628	2.4767
146.01	-3.0282	2.4276
147.01	-3.1196	1.6088
148.01	-3.7189	0.77533
149.01	-4.1355	0.68637
149.98	-4.2046	-0.19112
150.98	-4.2071	-1.4128
151.99	-3.7612	-2.3651
152.99	-2.7311	-2.8242
153.99	-1.7375	-3.6292
154.99	-1.5289	-4.2046
155.99	-2.1195	-3.9823
156.99	-2.7512	-3.5825
157.99	-3.532	-2.8058
158.99	-4.0159	-1.92
159.99	-3.6408	-0.9747
160.99	-4.0519	0.17121
162	-3.8791	0.96384
163	-3.499	2.158
164	-2.6633	2.9786
165	-1.448	3.3013
166	-0.15289	3.3732
167	0.63685	2.3667
168	1.5974	1.368
169	2.6279	0.39278
170	3.5152	-0.39308
171	3.7242	-0.56501
172.01	3.7138	-0.53958
173.01	3.6962	-0.52677
174.01	3.6965	-0.55356
175.01	3.6683	-0.55561
176.01	3.1743	-0.6135
177.01	2.1707	-0.96608
178.01	1.3256	-2.0991
179.01	1.4936	-3.59
180.01	0.82368	-4.1104
181.01	-0.37067	-4.3214
182.01	-1.6207	-4.1306
182.98	-2.4919	-3.4878
183.98	-3.2553	-2.9977
184.98	-3.9263	-2.1113
185.99	-3.8611	-1.5101
186.99	-4.3497	-0.34593
187.99	-4.3574	0.18196
188.99	-4.0659	1.2949
189.99	-3.9173	1.5282
190.99	-2.8979	0.89422
191.99	-1.2016	0.20297
192.99	0.69902	0.91601
193.99	2.0626	2.5725
194.99	1.8932	1.814
196	1.709	1.4249
197	0.82077	-0.28527
198	-0.4115	-2.3886
199	-0.027687	-4.3369
200	0.53513	-3.8797
201	1.6051	-2.3497
202	3.5839	-1.3459
203	3.7095	-0.69053
204	3.7564	-0.59386
205.01	3.7944	-0.24927
206.01	3.7832	-0.0005352
207.01	3.7518	0.23588
208.01	3.6211	0.8309
209.01	3.3605	1.5066
210.01	3.0361	2.0235
211.01	2.178	2.9421
212.01	1.6638	3.2877
213.01	0.64252	3.6559
214.01	-0.57382	3.7655
215.01	-1.1041	3.7133
215.98	-2.2332	3.3317
216.98	-3.0341	2.7382
217.98	-3.2379	2.2956
218.99	-2.9128	1.1104
219.99	-1.9227	-0.1348
220.99	-0.61435	-0.07361
221.99	-0.59878	-0.060902
222.99	-0.57484	-0.06677
223.99	-0.53379	0.064736
224.99	-0.52429	0.093966
225.99	-0.55143	0.082553
226.99	-0.55452	0.057491
227.99	-0.55601	0.029437
229	-0.56877	0.094532
230	-0.57081	0.11099
231	-0.55526	0.13461
232	-0.55187	0.13037
233	-0.55184	0.094364
234	-0.55679	0.25031
235	-0.8415	1.3374
236	-0.26171	2.2871
237	0.81452	3.1216
238	1.7184	3.1514
239.01	2.275	2.6967
240.01	2.27	2.7557
241.01	2.1568	2.8859
242.01	2.0997	2.9556
243.01	1.7589	2.1975
244.01	0.98355	0.80326
245.01	-0.5404	-0.56731
246.01	-1.1467	-2.5132
247.01	-0.9836	-4.2997
248.01	-1.4136	-3.7723
249.01	-2.2747	-3.793
249.98	-2.7731	-3.4801
250.98	-3.5348	-2.7143
251.99	-3.7651	-1.4141
252.99	-4.254	-0.76616
253.99	-3.8794	0.43397
254.99	-3.8821	1.6293
255.99	-3.2406	2.4077
256.99	-2.4079	3.1425
257.99	-1.6058	3.3936
258.99	-0.73144	2.8039
259.99	0.5638	2.4272
260.99	1.5885	2.788
262	0.8984	3.5642
263	-0.33446	3.7555
264	-1.3226	3.6448
265	-1.9861	3.3237
266	-2.9329	2.7613
267	-3.5582	2.0579
268	-4.0506	1.223
269	-4.2922	0.36613
270	-4.3415	-0.49345
271	-4.0599	-0.7258
272.01	-4.13	-0.84229
273.01	-3.7162	-0.93738
274.01	-2.2265	-0.91185
275.01	-0.30762	-1.2346
276.01	1.9494	-1.3092
277.01	3.5476	-1.4685
278.01	3.6227	-1.317
279.01	2.5329	-1.7959
280.01	2.3787	-3.2309
281.01	2.5986	-3.163
282.01	2.523	-2.8006
282.98	1.2353	-2.282
283.98	-0.09521	-3.0862
284.98	-1.1885	-4.0369
285.99	-2.2266	-3.8886
286.99	-2.8288	-3.1826
287.99	-3.5656	-2.1326
288.99	-4.2724	-0.93823
289.99	-3.1815	-0.45018
290.99	-2.4654	0.6498
291.99	-2.4551	2.199
292.99	-2.3567	3.1588
293.99	-1.193	2.9919
294.99	-0.13244	2.0845
296	0.91724	1.136
297	1.9207	1.0607
298	1.9016	1.0607
299	1.4016	1.3441
300	0.288	1.986
301	NaN	NaN
302	-1.7605	2.7518
303	-2.065	3.3039
304	-2.1319	2.5626
305.01	-2.8583	1.1863
306.01	-4.2057	0.65067
307.01	-4.2623	0.65012
308.01	-4.2524	0.76447
309.01	-3.5822	0.55484
310.01	-2.4081	0.22934
311.01	-0.93915	0.44199
312.01	-0.52794	1.0195
313.01	-0.88826	2.0638
314.01	-0.98825	3.2529
315.01	-0.37229	3.6692
315.98	0.56252	3.1425
316.98	1.7453	2.3283
317.98	2.6662	1.3764
318.99	3.3087	0.18291
319.99	3.2594	-1.2029
320.99	2.6376	-2.1796
321.99	2.2474	-3.2847
322.99	1.5039	-3.6996
323.99	0.46875	-4.2347
324.99	-0.69872	-4.339
325.99	-1.7392	-3.9466
326.99	-1.9773	-3.9667
327.99	-2.7796	-3.4659
329	-3.4114	-2.8476
330	-3.9832	-1.9675
331	-4.3001	-0.97478
332	-4.35	0.045105
333	-4.4047	0.14266
334	-4.251	0.74403
335	-3.9617	1.5058
336	-3.3464	2.4399
337	-2.5392	3.1218
338	-1.4188	3.6359
339.01	-0.29491	3.8054
340.01	0.79053	3.6658
341.01	1.8977	3.1506
342.01	2.6435	2.5192
343.01	3.2628	1.6383
344.01	3.6331	0.70999
345.01	3.7462	-0.61942
346.01	3.4783	-1.7965
347.01	3.3209	-2.1353
348.01	2.6825	-3.074
349.01	1.6527	-3.8695
349.98	0.30428	-4.3655
350.98	-0.90962	-4.3497
351.99	-2.0554	-3.9854
352.99	-2.5524	-3.698
353.99	-3.3421	-3.0265
354.99	-3.924	-2.1947
355.99	-4.233	-1.433
356.99	-4.3771	-0.34505
357.99	-4.2693	0.69708
358.99	-4.1057	1.1715
359.99	-4.1101	1.1265
360.99	-4.1753	1
362	-4.3479	0.21978
363	-4.3474	-0.84035
364	-4.0574	-1.9166
365	-3.7539	-2.4926
366	-3.1605	-3.2184
367	-2.4706	-3.7698
368	-1.7085	-4.1648
369	-0.82413	-4.3693
370	0.057335	-4.3952
371	0.92733	-4.1772
372.01	1.6794	-3.8581
373.01	2.2803	-3.456
374.01	3.0007	-2.695
375.01	3.2653	-2.2545
376.01	3.2641	-2.2522
377.01	3.2566	-2.253
378.01	3.2557	-2.2715
379.01	3.2641	-2.2707
380.01	3.2651	-2.2824
381.01	3.2478	-2.3019
382.01	3.2545	-2.2302
382.98	3.439	-1.918
383.98	3.7091	-0.99551
384.98	3.7743	-0.26929
385.99	3.6898	0.46032
386.99	3.6002	0.91503
387.99	3.2267	1.7366
388.99	2.6959	2.4757
389.99	2.0939	3.0022
390.99	1.3555	3.4175
391.99	0.82139	3.622
392.99	-0.11467	3.7937
393.99	-0.76379	3.7921
394.99	-0.74536	3.7746
396	-0.53633	3.8018
397	0.26663	3.7639
398	0.94323	3.5992
399	1.8109	3.2062
400	2.5321	2.6357
401	3.1309	1.8983
402	3.5342	1.0304
403	3.1179	0.64851
404	2.0116	0.27041
405.01	0.90387	-0.28296
406.01	0.079853	-1.1777
407.01	-0.73818	-2.1465
408.01	-1.779	-2.9317
409.01	-2.1843	-3.8567
410.01	-1.2804	-4.1955
411.01	-0.086003	-4.3001
412.01	1.1225	-4.0768
413.01	2.0256	-3.5835
414.01	2.6456	-3.029
415.01	2.9955	-2.5935
415.98	2.5838	-2.8903
416.98	2.7422	-3.001
417.98	3.163	-2.4463
418.99	3.4485	-1.9004
419.99	3.7104	-0.99538
420.99	3.7713	-0.23433
421.99	3.6589	0.66561
422.99	3.4694	1.2527
423.99	3.0537	2.0221
424.99	2.4877	2.6589
425.99	1.9176	3.1215
426.99	1.4315	3.4101
427.99	0.67918	3.6891
429	0.20717	3.7306
430	-0.31338	3.2483
431	-0.76155	2.3391
432	-1.5484	1.4353
433	-1.7671	0.53393
434	-1.6817	-0.69721
435	-1.396	-1.0812
436	-1.3497	-1.1292
437	-1.3232	-1.0666
438	-0.76567	-0.83062
439.01	0.23848	-0.67817
440.01	1.5003	-0.93647
441.01	2.4863	-1.3545
442.01	2.8292	-2.3499
443.01	2.4533	-3.0171
444.01	1.6525	-3.784
445.01	0.477	-4.0505
446.01	-0.5881	-4.3606
447.01	-1.3767	-3.9177
448.01	-1.4774	-3.8632
449.01	-1.8264	-3.6709
449.98	-2.7667	-3.451
450.98	-2.8366	-3.5348
451.99	-2.187	-3.9545
452.99	-1.3765	-4.2335
453.99	-0.54468	-4.3766
454.99	NaN	NaN
455.99	0.91479	-3.7956
456.99	0.87441	-3.0542
457.99	-0.20319	-4.0297
458.99	-0.12449	-4.31
459.99	0.057747	-4.3858
460.99	0.1525	-4.396
462	1.0197	-4.1833
463	1.7633	-3.8267
464	2.5124	-3.2292
465	3.0883	-2.515
466	3.563	-1.5653
467	3.7689	-0.49672
468	3.6359	0.75934
469	3.265	1.6692
470	2.7484	2.4423
471	2.0658	3.0708
472.01	1.25	3.4943
473.01	0.3249	3.7555
474.01	-0.33565	3.7945
475.01	-0.90948	3.7762
476.01	-1.5205	3.6331
477.01	-2.3008	3.2851
478.01	-2.876	2.8657
479.01	-3.4254	2.3345
480.01	-3.8432	1.7223
481.01	-4.0416	1.3752
482.01	-4.3479	0.28668
482.98	-4.3349	-0.41258
483.98	-4.3385	-0.87985
484.98	-4.1265	-1.7376
485.99	-3.8383	-2.3763
486.99	-3.3617	-3.0369
487.99	-2.7999	-3.5261
488.99	-2.2538	-3.8893
489.99	-1.6811	-3.6512
490.99	-2.8989	-3.438
491.99	-2.6463	-3.6705
492.99	-1.7858	-4.108
493.99	-0.9785	-4.3358
494.99	-0.24803	-4.3961
496	0.81116	-4.2412
497	1.6962	-3.8659
498	2.2998	-3.4271
499	2.7139	-2.8285
500	3.0972	-2.0267
501	3.42	-1.339
502	2.9144	-0.17227
503	2.0832	0.3249
504	0.90983	-0.28929
505.01	-0.036	-0.97635
506.01	-0.070967	-1.0271
507.01	-0.067773	-1.0499
508.01	-0.068762	-1.0676
509.01	-0.065373	-1.0332
510.01	-0.056398	-1.014
511.01	-0.050644	-1.0097
512.01	-0.048727	-1.0115
513.01	-0.056398	-1.0332
514.01	-0.41198	-1.2537
515.01	-1.0713	-1.6709
515.98	0.11467	-2.1501
516.98	0.34477	-0.66651
517.98	-1.2587	-0.078276
518.99	-1.7493	-1.7296
519.99	-0.19223	-2.5603
520.99	1.3185	-1.3575
521.99	2.5307	0.16371
522.99	2.8459	1.8804
523.99	2.6649	2.4591
524.99	2.9606	2.1274
525.99	3.3698	1.4301
526.99	3.6687	0.57057
527.99	3.7682	-0.36516
529	3.7057	-1.0094
530	3.4012	-1.9679
531	2.819	-2.3412
532	2.9025	-2.5967
533	2.5323	-1.5672
534	3.5739	-0.65935
535	3.7401	-0.4909
536	3.3008	-0.42099
537	2.7397	-1.6749
538	2.7159	-2.802
539.01	2.1783	-3.5448
540.01	2.1232	-3.2571
541.01	1.8789	-1.9534
542.01	0.85729	-1.1864
543.01	0.5402	0.0524
544.01	-0.28693	1.2512
545.01	-1.3974	0.9769
546.01	-1.9374	-0.092485
547.01	-1.4809	-1.3184
548.01	-1.5087	-2.4067
549.01	-0.95311	-3.6071
549.98	-0.45512	-4.3265
550.98	-0.81243	-4.1455
551.99	-0.92386	-3.8104
552.99	-0.80164	-3.745
553.99	-0.61184	-3.9075
554.99	-0.4109	-4.195
555.99	0.3229	-4.2121
556.99	1.1478	-3.7182
557.99	1.5691	-3.3754
558.99	1.6053	-3.3256
559.99	1.5888	-3.329
560.99	1.5896	-3.2903
562	1.6232	-2.2179
563	0.94764	-1.2691
564	-0.3813	-1.2523
565	-1.2536	-2.3007
566	-1.0491	-3.4565
567	-0.71151	-4.3148
568	-0.50612	-4.3658
569	0.1722	-4.3098
570	0.94561	-4.157
571	1.4884	-3.9231
572.01	1.5847	-3.86
573.01	2.1501	-3.5452
574.01	2.7796	-2.9515
575.01	3.1685	-2.3569
576.01	3.543	-1.4315
577.01	3.7103	-0.51936
578.01	3.3452	0.34334
579.01	2.9918	1.4912
580.01	2.4665	2.5996
581.01	1.3476	2.9049
582.01	0.59025	3.6673
582.98	-0.27682	3.784
583.98	-0.87773	3.6885
584.98	-1.4904	3.4796
585.99	-2.4573	3.1452
586.99	-3.0946	2.6356
587.99	-3.562	2.0722
588.99	-3.8326	1.5773
589.99	-3.9433	1.2114
590.99	-4.2434	0.3345
591.99	-4.2514	-0.72478
592.99	-4.0037	-1.5941
593.99	-3.0598	-2.4197
594.99	-2.5583	-3.017
596	-1.9193	-3.9156
597	-1.1849	-4.2055
598	-0.33286	-4.3169
598.97	-0.30696	-4.2901
