0	1.6678	1.652
1.001	1.1988	3.3652
2.002	1.9298	1.7473
3.003	1.0223	3.2253
4.004	2.664	2.5998
5.005	1.0511	2.2433
6.006	1.6704	3.6955
7.007	1.4335	1.8482
8.008	-0.44723	2.7354
9.009	-1.6079	3.2165
10.01	-1.1245	3.0105
11.011	-1.1771	0.96992
12.012	-2.2031	1.6299
13.013	-1.462	1.3628
14.014	-0.25631	2.2843
15.015	-0.18334	0.78513
16.016	0.32611	3.3865
16.983	2.0503	2.686
17.984	0.32115	0.88653
18.985	-0.35204	3.2092
19.986	-1.0201	2.8473
20.987	-1.9181	1.3253
21.988	-3.1027	0.17011
22.989	-2.2519	-0.70181
23.99	-2.2167	-2.4191
24.991	-1.6088	-2.9729
25.992	-2.3939	-2.2493
26.993	-2.0097	-0.64575
27.994	0.39213	0.69383
28.995	2.6297	-0.75606
29.996	0.31095	-1.1781
30.997	0.55516	0.89621
31.998	1.6069	-1.0616
32.999	-0.74252	-2.1586
34	-1.5064	-3.0488
35.001	-1.8272	-1.3277
36.002	0.221	-0.30749
37.003	1.8467	-2.4578
38.004	1.1109	-3.873
39.005	0.02783	-2.1169
40.006	1.8429	-0.36431
41.007	4.1983	-1.4496
42.008	2.8237	-2.6272
43.009	1.0193	-0.64887
44.01	2.6608	1.0617
45.011	4.4507	0.99848
46.012	4.8484	0.55575
47.013	4.6808	-1.1654
48.014	2.2697	-1.763
49.015	2.4869	0.9486
50.016	3.1647	1.839
50.984	4.306	1.3109
51.985	4.0617	-0.76952
52.986	3.7651	-1.1369
53.987	4.3071	-1.2936
54.988	4.628	0.8761
55.989	2.7697	2.3118
56.99	2.0154	3.7998
57.991	0.24341	3.6776
58.992	-1.4665	3.3145
59.993	-1.4473	3.2956
60.994	-1.44	3.3155
61.995	-1.4318	3.3024
62.996	-1.9533	2.999
63.997	-2.0102	2.1382
64.998	-3.0575	0.96258
65.999	-2.9049	-0.26985
67	-2.9501	-1.1208
68.001	-3.1109	-0.87613
69.002	-3.2386	-0.26933
70.003	-3.2547	0.14311
71.004	-3.2482	0.25468
72.005	-3.2456	0.51818
73.006	-3.2048	0.8298
74.007	-3.147	1.0915
75.008	-3.0898	1.2696
76.009	-2.9644	1.619
77.01	-2.7299	2.0323
78.011	-2.6157	2.3291
79.012	-2.1789	2.8517
80.013	-1.942	3.0968
81.014	-1.8915	3.1645
82.015	-1.8336	3.2323
83.016	-1.826	3.2513
83.983	-1.9345	3.1148
84.984	-2.0528	3.0124
85.985	-2.4191	2.617
86.986	-2.7215	2.1027
87.987	-3.0288	1.4598
88.988	-3.1818	0.93942
89.989	-3.2464	0.16427
90.99	-3.0946	-0.99628
91.991	-2.6931	-1.9573
92.992	-2.5104	-2.2772
93.993	-2.189	-2.6645
94.994	-1.5387	-3.2425
95.995	-0.47447	-3.7666
96.996	0.70802	-3.9656
97.997	1.5001	-3.9039
98.998	2.3432	-3.6952
100	2.9566	-3.4185
101	3.8288	-2.6698
102	4.3778	-1.9114
103	3.6682	-1.7763
104	1.8938	0.033821
105.01	3.4805	-0.44883
106.01	1.1978	-0.75591
107.01	3.2344	0.88206
108.01	2.9971	-1.4823
109.01	0.86209	0.5574
110.01	3.4127	0.86619
111.01	3.1257	-1.5028
112.01	1.8634	-0.034329
113.01	1.9357	0.026836
114.01	1.922	0.0048764
114.98	1.6581	0.05344
115.98	1.6457	0.067177
116.98	1.9539	0.26954
117.98	3.4518	-1.0932
118.99	1.2081	-2.065
119.99	3.1782	-0.66865
120.99	3.1426	-2.0409
121.99	2.6288	0.4831
122.99	4.368	-1.1837
123.99	1.7844	-1.0412
124.99	3.9808	-0.52305
125.99	3.4011	-2.7443
126.99	1.1748	-1.6322
127.99	3.2355	-0.66642
129	2.9782	-3.0142
130	0.6211	-2.4638
131	2.4973	-1.1709
132	2.3813	-3.4575
133	1.099	-2.2026
134	3.4578	-2.0754
135	4.2574	-1.8996
136	4.752	-0.96217
137	4.8549	0.06849
138	4.7916	1.0223
139.01	4.5881	0.82169
140.01	3.4509	1.8828
141.01	3.3626	3.0836
142.01	1.7567	3.7657
143.01	0.65764	3.7261
144.01	-0.89509	3.1455
145.01	-1.7829	3.0686
146.01	-1.1089	2.2442
147.01	-2.3901	1.3125
148.01	-1.9612	2.2218
149.01	-0.063822	2.0261
149.98	1.5274	0.16356
150.98	1.0598	-2.5135
151.99	-0.069823	-3.4597
152.99	-1.449	-2.8491
153.99	-1.8724	-1.4479
154.99	-2.1955	-1.8072
155.99	-1.1413	-3.3392
156.99	0.17072	-3.7398
157.99	1.7316	-3.8281
158.99	2.625	-2.7511
159.99	3.0634	-3.2102
160.99	1.4075	-3.6664
162	-0.04706	-1.7424
163	-0.41233	0.52096
164	-0.7532	2.7167
165	2.0869	3.3596
166	4.2469	1.6457
167	3.9679	0.086932
168	2.6829	-1.499
169	0.61922	-1.2115
170	-1.0296	-1.452
171	-1.8457	-1.0303
172.01	-1.8383	-1.0327
173.01	-1.6306	-0.2899
174.01	0.18766	0.99482
175.01	2.1653	1.9859
176.01	3.9345	2.3806
177.01	3.4918	-0.1375
178.01	1.0323	-1.4983
179.01	-1.3718	-0.3403
180.01	-3.1421	0.042771
181.01	-2.9585	-0.50284
182.01	-2.7981	-0.95036
182.98	-2.9962	-0.62699
183.98	-3.0595	-0.24391
184.98	-2.2831	0.68684
185.99	-0.54464	2.2577
186.99	1.3808	3.8483
187.99	3.2267	3.0111
188.99	4.198	0.55567
189.99	4.2986	-1.565
190.99	2.5091	-1.7364
191.99	0.17246	-2.2253
192.99	-1.683	-1.3116
193.99	-2.6728	-1.4355
194.99	-1.931	0.3165
196	0.004651	2.0686
197	2.553	2.7684
198	3.8931	1.814
199	4.3686	-0.070462
200	2.3956	-1.0932
201	0.64613	0.66392
202	2.188	2.3515
203	3.7006	2.7957
204	3.6845	2.7887
205.01	3.6837	2.8093
206.01	3.6768	2.8118
207.01	3.6839	2.789
208.01	3.6765	2.8119
209.01	3.5064	1.1853
210.01	2.2295	-0.8832
211.01	0.027459	-2.2943
212.01	-1.5706	-1.7917
213.01	-1.7487	-2.9235
214.01	-0.70629	-3.5666
215.01	0.62061	-3.8821
215.98	1.7555	-3.7413
216.98	1.7195	-3.4509
217.98	3.3755	-3.0306
218.99	4.0709	-1.9493
219.99	4.7985	-0.49911
220.99	4.6882	1.1473
221.99	4.7363	0.90598
222.99	4.8167	0.11005
223.99	4.5638	-1.0576
224.99	3.1834	-2.6705
225.99	1.8416	-3.0809
226.99	0.87956	-2.0266
227.99	-1.2705	-1.2665
229	-2.9246	-0.7018
230	-1.8651	1.4717
231	-1.2824	3.3799
232	-0.26223	3.3826
233	2.0204	3.1859
234	3.837	2.6363
235	3.3759	0.51677
236	1.6758	-1.0929
237	-0.33923	-1.3278
238	-0.61806	0.66314
239.01	0.25194	2.4741
240.01	0.26632	2.479
241.01	0.2712	2.4996
242.01	-0.24179	3.4335
243.01	2.0522	3.3344
244.01	3.0284	0.85915
245.01	1.4443	-1.0467
246.01	-1.0819	-0.62522
247.01	-1.6232	1.487
248.01	-0.04895	3.4752
249.01	2.7617	3.0918
249.98	4.4573	0.87957
250.98	4.0056	-1.8652
251.99	1.6738	-3.4235
252.99	-0.93696	-2.9915
253.99	-0.37877	-1.4425
254.99	0.7264	-0.30491
255.99	2.7891	-0.36673
256.99	4.2927	1.3921
257.99	4.8791	-0.085328
258.99	3.9546	-1.7392
259.99	1.933	-3.1343
260.99	0.36976	-2.3616
262	-1.4912	-1.4545
263	-2.4021	-1.8846
264	-2.0781	-0.93496
265	0.1696	-1.115
266	0.37707	-3.284
267	-0.93428	-3.1207
268	-1.3443	-0.97793
269	-2.4993	0.73915
270	-1.236	1.9444
271	1.0836	1.2809
272.01	0.99731	-1.0956
273.01	-0.98514	-2.6908
274.01	-2.2321	-1.2115
275.01	-2.601	-0.26796
276.01	-0.63885	1.0612
277.01	1.8555	0.74877
278.01	4.0504	-0.29841
279.01	4.8417	0.32349
280.01	4.4843	1.2353
281.01	3.9772	2.2207
282.01	3.383	3.1911
282.98	3.7388	2.8702
283.98	3.6779	2.8478
284.98	3.7135	2.7898
285.99	3.877	2.6404
286.99	4.2846	1.738
287.99	4.5625	0.66247
288.99	4.725	0.38469
289.99	4.719	0.40625
290.99	4.7176	0.40564
291.99	4.717	0.41976
292.99	4.8445	-0.55063
293.99	4.392	-1.2362
294.99	2.9605	-2.9445
296	2.2986	-3.4986
297	0.00070283	-2.8871
298	-1.1243	-0.71762
299	-2.1045	0.96289
300	-1.5628	2.4945
301	0.55682	2.3144
302	1.5099	-0.12134
303	0.49633	-2.4254
304	-1.5221	-2.1863
305.01	-2.0462	-0.081532
306.01	-1.9697	2.1468
307.01	-1.5714	2.4589
308.01	-1.5551	2.434
309.01	0.026988	1.2897
310.01	-1.9435	0.55985
311.01	-2.8845	0.87404
312.01	-2.9257	-0.46778
313.01	-2.5048	-1.8137
314.01	-2.22	-2.3808
315.01	-1.6441	-2.5761
315.98	-1.0991	-3.3871
316.98	-0.30305	-3.765
317.98	0.90202	-3.9578
318.99	1.8282	-3.7381
319.99	1.7861	-3.8046
320.99	1.2048	-3.9122
321.99	-0.072366	-3.7844
322.99	-1.2988	-2.9025
323.99	-2.6405	-1.1789
324.99	-2.6386	0.57834
325.99	-2.2054	2.0081
326.99	-0.1284	2.7556
327.99	1.6758	3.7842
329	3.391	2.9518
330	3.94	0.73578
331	2.6386	-1.1861
332	0.46557	-1.9669
333	-1.3584	-0.9772
334	-0.3403	1.0765
335	1.9205	0.46798
336	1.5773	-1.9083
337	0.40422	-3.873
338	-0.93313	-3.3912
339.01	-2.3879	-1.8346
340.01	-2.7556	-0.85036
341.01	-1.5239	0.68086
342.01	-1.1153	2.6316
343.01	-1.3796	3.1995
344.01	-1.388	3.2622
345.01	-1.3809	3.1909
346.01	-1.3889	3.2625
347.01	-1.3814	3.22
348.01	-1.387	3.2261
349.01	-1.3859	3.2233
349.98	-1.3869	3.2251
350.98	-1.3893	3.2192
351.99	-1.3872	3.209
352.99	-1.3884	3.227
353.99	-1.3092	3.3708
354.99	0.043645	2.9858
355.99	2.1162	2.0807
356.99	4.0725	0.94848
357.99	3.1746	-0.81608
358.99	0.67983	-0.56678
359.99	-1.152	0.73955
360.99	-0.73571	3.0319
362	1.1937	3.5429
363	3.5837	2.9897
364	4.0548	0.95048
365	2.9208	-0.12334
366	2.3402	-1.6137
367	0.6511	-2.8185
368	-0.20314	-2.2428
369	1.5995	-0.66013
370	3.8299	-1.7188
371	3.0636	-2.9306
372.01	0.75112	-3.4702
373.01	-0.30423	-3.0831
374.01	0.16255	-1.1312
375.01	2.1474	-1.0104
376.01	4.2948	-1.7223
377.01	3.213	-2.9259
378.01	2.4227	-3.4886
379.01	0.74687	-2.5803
380.01	0.16035	-0.25072
381.01	-1.1481	1.5898
382.01	0.33946	2.2557
382.98	1.9059	2.7579
383.98	3.4517	0.91204
384.98	3.7018	-1.4335
385.99	2.6107	-3.5344
386.99	2.2299	-2.7559
387.99	1.5653	-0.93378
388.99	0.30093	0.62369
389.99	1.8831	1.3821
390.99	3.4563	-0.44507
391.99	2.4383	-2.2957
392.99	1.0761	-3.1116
393.99	1.0483	-2.3306
394.99	1.0844	-2.0238
396	1.0947	-1.7664
397	2.0085	0.36766
398	4.0214	-0.023671
399	4.6458	-1.0647
400	2.8868	-2.3871
401	1.0095	-1.6899
402	-0.72067	-0.8462
403	-1.0517	1.3444
404	-0.6417	2.9626
405.01	-0.6372	2.9495
406.01	-0.63604	2.9601
407.01	-0.64357	2.9749
408.01	-0.6295	2.9871
409.01	-0.62609	2.9755
410.01	-0.66669	3.0133
411.01	-1.3487	2.9382
412.01	-2.1941	2.1828
413.01	-2.5059	1.1233
414.01	-2.9497	-0.15083
415.01	-2.0573	-1.3484
415.98	-0.43208	-1.6513
416.98	0.35835	-3.0945
417.98	0.58451	-3.8304
418.99	0.60252	-3.8577
419.99	0.61757	-3.8631
420.99	0.61777	-3.8465
421.99	0.61634	-3.8453
422.99	0.61637	-3.863
423.99	0.52088	-3.8831
424.99	-0.6981	-3.5414
425.99	-1.1298	-2.0986
426.99	-0.83283	-0.34208
427.99	-0.68831	0.041773
429	-0.69132	0.032375
430	-1.5584	0.63078
431	-0.7189	2.142
432	-0.70735	0.28502
433	-1.2703	-1.6108
434	0.94196	-2.4213
435	1.8821	-3.7045
436	1.8654	-3.7289
437	1.0658	-3.427
438	-0.42828	-3.4461
439.01	-1.0853	-2.5835
440.01	0.2203	-1.4696
441.01	0.73441	0.2134
442.01	-0.65777	0.84612
443.01	-2.4094	-0.11775
444.01	-2.7715	0.79837
445.01	-1.0496	2.0627
446.01	1.1837	2.7341
447.01	2.6217	3.4035
448.01	3.4349	1.6224
449.01	2.2256	0.14198
449.98	0.91842	-1.116
450.98	-0.010229	0.89685
451.99	0.037053	2.7989
452.99	0.33061	3.6608
453.99	1.8697	3.7072
454.99	3.4381	3.0235
455.99	3.9542	1.9365
456.99	4.8415	0.46408
457.99	4.1809	-1.148
458.99	2.416	-2.3166
459.99	0.70473	-2.1038
460.99	1.595	-0.35694
462	2.2094	1.5013
463	4.1775	0.8243
464	3.6898	-1.1591
465	2.2775	-0.68149
466	0.76316	-1.1558
467	-1.164	-0.24987
468	-0.054104	0.65485
469	-0.022807	-1.4481
470	-0.87678	-1.416
471	-2.0545	-0.15438
472.01	-3.0626	0.012453
473.01	-3.047	0.011922
474.01	-3.0563	0.019205
475.01	-3.0409	0.017405
476.01	-3.0385	-0.0072912
477.01	-2.9254	-0.37481
478.01	-2.3048	-1.2375
479.01	-2.4282	-2.0079
480.01	-1.6734	-2.8027
481.01	-1.3968	-3.1474
482.01	-0.41631	-3.3421
482.98	0.25266	-3.5586
483.98	0.70995	-3.5672
484.98	0.70765	-3.5694
485.99	0.71402	-3.572
486.99	0.7153	-3.5712
487.99	1.4958	-3.8102
488.99	1.9674	-3.6446
489.99	3.1013	-3.1362
490.99	3.4927	-2.3272
491.99	4.4113	-1.3687
492.99	4.5885	-0.36902
493.99	3.5795	0.7371
494.99	4.3465	1.5316
496	4.7698	0.43925
497	4.2986	-1.2732
498	3.6231	-2.2243
499	1.8954	-2.3974
500	0.9982	-3.2841
501	0.63842	-1.847
502	-0.8712	-1.1823
503	-1.1086	-2.6688
504	-1.5644	-3.0809
505.01	-2.2005	-1.5457
506.01	-0.98456	-0.48627
507.01	-1.075	1.3462
508.01	-0.24554	3.0629
509.01	0.24986	3.0921
510.01	1.6891	1.5998
511.01	2.5282	1.2991
512.01	3.363	1.4259
513.01	4.6715	0.8955
514.01	4.3399	-1.025
515.01	2.2874	-1.7187
515.98	0.53267	-0.696
516.98	-0.58327	0.28508
517.98	-1.2817	1.8997
518.99	0.0077687	3.5526
519.99	2.1583	2.9846
520.99	3.5851	0.97253
521.99	3.391	-1.3644
522.99	1.9359	-2.7084
523.99	0.77302	-2.8141
524.99	-0.59245	-2.2248
525.99	0.5901	-1.7061
526.99	1.4019	-1.0883
527.99	2.3127	-1.4703
529	1.4782	-3.4155
530	0.66299	-2.3936
531	0.67458	-2.0062
532	0.67224	-2.0006
533	0.67285	-1.9912
534	0.26933	-3.2284
535	-1.2097	-2.7984
536	-0.11025	-1.2443
537	1.5546	-0.92737
538	3.4144	-1.9463
539.01	3.6775	-2.6177
540.01	3.6711	-2.6327
541.01	3.6712	-2.6271
542.01	3.6775	-2.6097
543.01	2.8886	-2.9417
544.01	1.2001	-2.4409
545.01	-0.22068	-2.22
546.01	0.37332	-0.42752
547.01	2.1342	-0.053709
548.01	1.9235	-2.0301
549.01	0.18679	-2.8342
549.98	-0.69111	-3.5599
550.98	-1.8153	-1.9124
551.99	-1.7858	-0.10745
552.99	-0.63672	1.4354
553.99	1.6111	0.85917
554.99	1.8373	-1.4355
555.99	0.44008	-3.0743
556.99	-0.50217	-1.2572
557.99	-1.8063	-2.0227
558.99	-2.4015	-1.2754
559.99	-0.92581	-0.53939
560.99	1.0861	-1.2118
562	2.959	-1.1904
563	3.36	-3.0316
564	1.85	-3.1802
565	0.75241	-2.8863
566	-0.16364	-3.4944
567	-0.55814	-3.1232
568	-0.23139	-1.2755
569	0.65573	-0.14538
570	1.1049	-1.4549
571	2.1035	-2.3093
572.01	3.7419	-1.7778
573.01	3.7906	-1.1879
574.01	3.7911	-1.1805
575.01	3.7922	-1.1654
576.01	4.1751	-1.4936
577.01	3.5722	-2.218
578.01	2.0823	-1.5503
579.01	2.0884	-0.23241
580.01	3.4883	-1.2569
581.01	2.095	-2.2289
582.01	0.49553	-2.7189
582.98	0.37559	-3.1205
583.98	0.39322	-3.1533
584.98	0.080115	-3.531
585.99	-0.26589	-2.4354
586.99	0.86119	-3.5248
587.99	-0.28899	-3.666
588.99	-1.2169	-2.4555
589.99	-1.3124	-1.072
590.99	0.11657	0.48428
591.99	0.59465	2.3116
592.99	1.8552	1.9007
593.99	0.66179	0.12784
594.99	-0.30831	-1.1791
596	-0.88279	0.32557
597	1.1085	0.87592
598	2.673	0.14348
599	2.277	-1.2395
