0	2.9322	2.1776
1.001	1.442	3.3817
2.002	0.4121	3.7356
3.003	-0.64113	2.1608
4.004	-2.9076	1.9627
5.005	-3.7516	1.7462
6.006	-4.2057	0.85175
7.007	-4.3379	-0.42947
8.008	-2.4855	-0.095465
9.009	0.19946	0.32879
10.01	2.7139	2.0927
11.011	2.618	2.427
12.012	1.995	1.9512
13.013	2.5616	2.6199
14.014	1.2871	3.4951
15.015	-0.066052	3.8221
16.016	-1.7278	3.5623
16.983	-2.4478	3.018
17.984	-0.86763	2.782
18.985	1.1822	1.8125
19.986	3.4318	1.1646
20.987	3.4992	0.68851
21.988	3.7756	-0.33506
22.989	3.6262	-1.419
23.99	2.9802	-2.7219
24.991	1.9806	-3.6714
25.992	0.54509	-4.2528
26.993	-0.1907	-4.3743
27.994	-1.3363	-4.2609
28.995	-2.4817	-3.8001
29.996	-2.9663	-3.35
30.997	-2.5223	-2.3929
31.998	-1.7657	-1.1689
32.999	-0.21799	-0.51857
34	-0.20955	-0.5533
35.001	-0.20281	-0.55287
36.002	-0.16657	-0.57999
37.003	-0.065998	-0.19952
38.004	-0.58369	-0.1811
39.005	-2.5035	0.76357
40.006	-4.153	0.27419
41.007	-4.3754	0.15195
42.008	-4.1475	1.0514
43.009	-3.6312	2.0736
44.01	-3.0494	2.6366
45.011	-1.2912	2.6843
46.012	0.5754	1.799
47.013	2.2707	0.52375
48.014	3.6802	-0.82945
49.015	3.1121	-2.0799
50.016	2.0645	-3.5071
50.984	0.86003	-4.023
51.985	-0.76369	-4.3014
52.986	-1.541	-3.6153
53.987	-1.8363	-2.3382
54.988	-1.6639	-0.66818
55.989	-1.7032	1.1923
56.99	-2.5238	2.8648
57.991	-1.9097	3.4574
58.992	-0.39933	3.7907
59.993	1.1299	3.5141
60.994	2.2003	2.7063
61.995	3.2479	1.549
62.996	3.6355	0.49332
63.997	3.7455	-0.53514
64.998	3.4041	-1.7221
65.999	2.4479	-2.867
67	1.3698	-3.8735
68.001	-0.35167	-4.3323
69.002	-0.97943	-4.3347
70.003	-1.7872	-4.0987
71.004	-2.7414	-3.5819
72.005	-3.5046	-2.864
73.006	-3.7075	-2.4259
74.007	-2.8258	-1.6945
75.008	-1.3838	-2.1004
76.009	-0.97587	-3.6681
77.01	-1.9622	-3.9216
78.011	-3.3993	-2.8835
79.012	-3.4874	-1.6441
80.013	-2.9115	0.23565
81.014	-1.7561	1.4973
82.015	0.45754	1.3959
83.016	2.5034	1.6916
83.983	3.3362	0.98548
84.984	3.371	-0.87614
85.985	3.4814	-1.764
86.986	3.1034	-2.3675
87.987	2.1314	-3.4784
88.988	0.57417	-3.9112
89.989	-1.2136	-3.9179
90.99	-2.2072	-3.7735
91.991	-3.542	-2.7208
92.992	-4.1102	-1.043
93.993	-4.2782	-0.18441
94.994	-2.8273	0.047042
95.995	-0.86077	-0.61199
96.996	0.77582	-1.584
97.997	1.3299	-3.249
98.998	1.3648	-3.88
100	2.1371	-3.4651
101	2.5052	-3.1062
102	1.2252	-3.7767
103	-0.15296	-2.6762
104	-1.8805	-1.3935
105.01	-3.9556	-1.9691
106.01	-3.8231	-1.9297
107.01	-2.929	-2.1739
108.01	-0.68056	-1.2138
109.01	1.8634	-0.76447
110.01	3.7455	-0.3723
111.01	3.7737	-0.47778
112.01	3.6061	-1.437
113.01	3.0629	-2.5658
114.01	2.2241	-3.4974
114.98	1.3978	-4.0265
115.98	NaN	NaN
116.98	-0.93859	-4.3192
117.98	-2.2147	-3.9059
118.99	-3.0386	-3.3441
119.99	-3.6682	-2.6168
120.99	-4.1838	-1.6233
121.99	NaN	NaN
122.99	-3.9061	0.22768
123.99	-3.2782	-0.067976
124.99	-3.2048	0.021738
125.99	-2.0843	1.1649
126.99	-0.53443	-0.47626
127.99	1.2546	-2.3861
129	2.1596	-3.5261
130	2.9143	-2.79
131	3.6423	-1.3395
132	3.734	0.16081
133	3.0996	1.944
134	2.3167	2.8637
135	0.37387	3.7562
136	-1.0909	3.7313
137	-2.3641	3.2489
138	-3.247	2.5204
139.01	-4.147	1.0895
140.01	-3.859	0.34459
141.01	-2.2578	1.5695
142.01	0.028856	2.1013
143.01	2.0927	2.9336
144.01	1.9478	3.142
145.01	1.1014	2.819
146.01	-0.74536	2.991
147.01	-2.6756	2.9514
148.01	-3.5701	2.0315
149.01	-4.0039	1.29
149.98	-4.0616	0.84108
150.98	-3.9801	1.4774
151.99	-3.6287	2.0404
152.99	-2.7721	2.7245
153.99	-1.4196	3.6263
154.99	0.37157	3.6701
155.99	1.8423	2.8572
156.99	3.2944	1.412
157.99	3.0304	-0.74347
158.99	2.1387	-2.5973
159.99	1.0623	-4.0721
160.99	-0.16188	-4.3211
162	-1.5999	-4.1048
163	-2.9241	-3.3923
164	-3.5945	-2.3714
165	-4.2332	-1.462
166	-4.4008	-0.44509
167	-4.2982	0.48496
168	-3.9781	1.5227
169	-2.9053	1.9971
170	-1.4062	1.1262
171	0.019624	-0.076074
172.01	0.45818	-2.0156
173.01	-0.9235	-2.9782
174.01	-2.6844	-2.4744
175.01	-3.9097	-1.6833
176.01	-4.2252	-0.46372
177.01	-4.0021	1.1438
178.01	-3.3817	2.1577
179.01	-2.0564	3.1453
180.01	-0.10511	3.335
181.01	0.8261	3.4927
182.01	2.2559	2.7246
182.98	3.1534	1.7774
183.98	3.5559	0.62235
184.98	3.7448	-0.49733
185.99	3.4962	-1.5419
186.99	3.0079	-2.5681
187.99	2.128	-3.5035
188.99	0.98071	-4.0589
189.99	-0.59398	-4.0126
190.99	-1.1563	-4.2332
191.99	-2.2503	-3.8953
192.99	-3.1223	-3.2476
193.99	-3.6131	-2.7333
194.99	-3.1054	-3.2677
196	-1.6925	-4.129
197	-0.58307	-4.1938
198	1.0317	-3.7744
199	2.265	-3.3542
200	3.2659	-2.139
201	3.721	-0.60672
202	3.7001	-0.078193
203	2.8717	0.93162
204	1.9781	2.5323
205.01	1.2474	3.1502
206.01	0.28668	3.737
207.01	0.18198	3.7743
208.01	-0.82473	3.7969
209.01	-2.2332	3.3323
210.01	-3.2481	2.5504
211.01	-3.6208	2.1023
212.01	-4.2018	0.93209
213.01	-4.3846	-0.28848
214.01	-4.1727	-1.6213
215.01	-3.686	-1.9894
215.98	-2.1691	-2.3991
216.98	-2.7139	-3.6026
217.98	-2.3697	-3.8707
218.99	-1.1477	-4.3023
219.99	0.14243	-4.3303
220.99	1.6054	-3.8695
221.99	2.8196	-2.8861
222.99	3.5761	-1.5092
223.99	3.7456	-0.28893
224.99	3.4865	1.1449
225.99	2.7226	2.4075
226.99	1.4889	3.3727
227.99	0.38223	3.7363
229	-1.0468	3.7504
230	-2.3366	3.2918
231	-3.3043	2.4821
232	-3.9933	1.4879
233	-3.5751	0.39096
234	-3.2999	0.16876
235	-3.5238	-0.34589
236	-3.4871	0.41142
237	-4.1979	-1.3546
238	-4.1147	-1.8493
239.01	-3.2801	-3.0987
240.01	-2.1695	-3.936
241.01	-0.99249	-4.3132
242.01	0.37176	-4.3088
243.01	1.479	-3.9635
244.01	2.4176	-3.335
245.01	3.1149	-2.5319
246.01	3.5753	-1.5115
247.01	3.7472	-0.26814
248.01	3.6596	0.51525
249.01	3.2514	1.6559
249.98	2.5763	2.5961
250.98	2.0038	3.0927
251.99	1.1637	3.5246
252.99	0.16245	3.7937
253.99	-0.61638	3.8085
254.99	-1.8503	3.4926
255.99	-2.8952	2.8651
256.99	-3.4439	2.3049
257.99	-3.4574	1.9793
258.99	-2.4661	1.6234
259.99	-2.5702	-0.14352
260.99	-4.1577	0.84929
262	-3.9657	1.5194
263	-3.1299	2.6712
264	-1.8521	3.4882
265	-0.43957	3.8128
266	1.1743	3.5437
267	2.2849	2.8866
268	3.2172	1.7535
269	3.6543	0.68701
270	3.7822	-0.37871
271	3.5107	-1.7139
272.01	3.0301	-2.6387
273.01	2.2839	-3.4114
274.01	1.3952	-4.0039
275.01	0.21132	-4.3375
276.01	-0.62532	-4.3516
277.01	-1.8347	-4.0899
278.01	-2.9136	-3.4585
279.01	-3.1687	-2.9189
280.01	-1.9991	-1.9771
281.01	-1.1357	-0.33554
282.01	0.58252	0.70875
282.98	2.3421	1.0404
283.98	3.1706	1.6883
284.98	3.604	0.78583
285.99	3.7164	-0.22096
286.99	3.5768	-1.1259
287.99	3.1625	-2.3405
288.99	2.3964	-3.2561
289.99	1.3604	-3.9193
290.99	0.036721	-4.1844
291.99	-1.2908	-4.2513
292.99	-2.4852	-3.5848
293.99	-3.7602	-2.2506
294.99	-4.2427	-0.84134
296	-4.0994	0.47722
297	-3.6101	1.8896
298	-2.4987	3.0244
299	-1.0372	3.6359
300	0.3165	3.6344
301	1.5867	3.2302
302	2.6479	2.4094
303	3.3812	1.2233
304	3.4783	0.025513
305.01	3.6158	-1.1903
306.01	3.1802	-2.2335
307.01	2.1597	-3.1624
308.01	0.93533	-4.1083
309.01	-0.45665	-4.3294
310.01	-2.1002	-3.7742
311.01	-3.2183	-3.0283
312.01	-3.8908	-2.009
313.01	-4.0881	-0.56201
314.01	-4.1224	0.39482
315.01	-3.8009	1.5639
315.98	-3.0343	2.7469
316.98	-3.0825	2.7191
317.98	-3.7253	1.9678
318.99	-4.3086	0.49568
319.99	-4.3358	-0.95372
320.99	-3.8496	-2.292
321.99	-3.6006	-2.7397
322.99	-2.6192	-3.6909
323.99	-1.3669	-4.2144
324.99	-1.4063	-4.0152
325.99	-0.99358	-2.6766
326.99	-0.83277	-1.3018
327.99	0.3342	-0.52504
329	1.1484	-2.4093
330	-0.071934	-4.0569
331	-1.6612	-3.7541
332	-3.2355	-3.0887
333	-2.858	-3.3911
334	-3.1138	-3.2758
335	-3.3848	-2.3875
336	-2.2647	-1.4429
337	-0.90532	-1.9562
338	-0.7366	-2.1216
339.01	-0.73522	-2.139
340.01	0.11657	-2.6254
341.01	1.5108	-2.132
342.01	2.9022	-1.1357
343.01	3.2337	0.6653
344.01	2.659	2.2362
345.01	2.0523	2.9981
346.01	0.72853	3.6513
347.01	-0.50008	3.7707
348.01	-1.6972	3.4076
349.01	-2.8444	2.843
349.98	-3.4994	1.9521
350.98	-4.0534	1.2349
351.99	-4.0024	1.3766
352.99	-4.0801	0.45826
353.99	-4.0505	-0.68679
354.99	-4.1567	-1.6241
355.99	-4.2027	-1.5759
356.99	-4.3678	-0.80149
357.99	-4.3479	0.21978
358.99	-4.1503	1.1314
359.99	-3.5967	2.1347
360.99	-2.9459	2.8594
362	-1.9702	3.4826
363	-0.94341	3.7913
364	-0.27325	3.8353
365	0.66533	3.7174
366	1.7111	3.2763
367	2.531	2.6545
368	3.1783	1.8209
369	3.6121	0.80223
370	3.7629	-0.11236
371	3.679	-1.0877
372.01	3.3718	-2.0244
373.01	2.886	-2.8099
374.01	2.2984	-3.4264
375.01	1.5389	-3.9164
376.01	0.70602	-4.2821
377.01	-0.40971	-4.3949
378.01	-1.2474	-4.2968
379.01	-2.2921	-3.879
380.01	-3.2287	-3.1621
381.01	-3.7521	-2.5001
382.01	-4.0693	-1.881
382.98	-4.119	-1.3095
383.98	-3.1884	-1.7925
384.98	-3.097	-2.9521
385.99	-1.6627	-3.7937
386.99	-0.85903	-4.2599
387.99	0.13378	-4.2524
388.99	1.2607	-3.9868
389.99	2.2744	-3.3735
390.99	3.0684	-2.4094
391.99	3.4708	-1.4644
392.99	3.68	-0.51719
393.99	3.6153	0.53167
394.99	3.404	1.3068
396	3.5548	0.99381
397	3.7054	0.55211
398	3.7562	0.056136
399	3.6959	-0.97237
400	3.4264	-1.9645
401	2.8809	-2.8614
402	1.9504	-3.718
403	0.99381	-4.1759
404	0.15289	-4.3861
405.01	-0.88387	-4.3347
406.01	-2.0158	-4.0215
407.01	-2.9898	-3.3911
408.01	-3.8272	-2.3556
409.01	-4.222	-1.5281
410.01	-4.3779	-0.5168
411.01	-4.3353	0.34036
412.01	-4.0598	1.26
413.01	-3.5007	2.2585
414.01	-2.7198	3.0363
415.01	-1.7743	3.5523
415.98	-0.78358	3.7937
416.98	0.30658	3.7647
417.98	1.3432	3.4356
418.99	2.2119	2.9284
419.99	2.7999	2.3221
420.99	3.2993	1.589
421.99	3.629	0.74126
422.99	3.7563	-0.13497
423.99	3.7027	-1.0179
424.99	3.5396	-1.7165
425.99	3.1887	-2.4056
426.99	2.6955	-3.0591
427.99	1.9378	-3.6899
429	1.1214	-4.0924
430	0.2389	-4.3356
431	-0.85497	-4.3239
432	-1.9375	-4.0494
433	-2.7808	-3.5452
434	-3.3446	-3.0388
435	-3.6308	-2.7234
436	-4.1024	-1.838
437	-4.2526	-1.3669
438	-4.3884	-0.55357
439.01	-4.4061	-0.0083772
440.01	-4.2488	0.79898
441.01	-3.954	1.5747
442.01	-3.5821	2.159
443.01	-3.0379	2.7604
444.01	-2.3026	3.2869
445.01	-1.5389	3.6219
446.01	-0.78589	3.7648
447.01	0.13301	3.774
448.01	0.9044	3.6281
449.01	1.6875	3.2834
449.98	2.2741	2.8562
450.98	2.9205	2.1844
451.99	3.3172	1.5501
452.99	3.5921	0.89626
453.99	3.728	0.19958
454.99	3.7661	-0.087334
455.99	3.4701	-0.27916
456.99	2.705	0.36432
457.99	3.5159	0.8601
458.99	3.6031	-0.0367
459.99	3.6442	-1.0847
460.99	3.3249	-1.9872
462	2.6336	-3.0346
463	1.6727	-3.7553
464	0.54863	-4.1423
465	-0.66573	-3.939
466	-1.3191	-4.157
467	-2.4176	-3.7363
468	-3.2572	-2.9512
469	-3.5388	-2.7396
470	-3.1009	-3.3012
471	-2.0354	-4.0039
472.01	-0.94856	-4.3401
473.01	0.50861	-4.3016
474.01	1.5764	-3.9165
475.01	2.4818	-3.2464
476.01	3.2968	-2.1405
477.01	3.6607	-1.1646
478.01	3.7293	0.13643
479.01	3.4926	1.1893
480.01	3.2277	1.7567
481.01	2.445	2.7225
482.01	1.7585	3.2617
482.98	0.79531	3.6521
483.98	-0.28668	3.8128
484.98	-1.3123	3.7004
485.99	-2.1807	3.4002
486.99	-3.0919	2.7202
487.99	-3.716	1.9661
488.99	-4.2048	0.92732
489.99	-4.3649	-0.083752
490.99	-4.3079	-1.2005
491.99	-4.0015	-2.0421
492.99	-3.5462	-2.763
493.99	-2.9033	-3.4669
494.99	-1.9306	-4.033
496	-1.0133	-4.319
497	-0.021991	-4.3645
498	1.2423	-4.023
499	2.0352	-3.6309
500	2.7343	-3.002
501	3.2869	-2.2168
502	3.6858	-1.0937
503	3.7642	-0.10666
504	3.6252	0.78669
505.01	3.2212	1.7789
506.01	2.7123	2.4639
507.01	1.9539	3.139
508.01	0.9868	3.5674
509.01	0.078337	3.7567
510.01	-0.66043	3.7948
511.01	-1.7861	3.5441
512.01	-2.3839	3.2615
513.01	-3.0465	2.7699
514.01	-3.5719	2.1868
515.01	-4.0249	1.417
515.98	-4.3209	0.4969
516.98	-4.392	-0.5885
517.98	-4.1453	-1.6799
518.99	-3.6232	-2.6769
519.99	-2.9008	-3.4593
520.99	-2.0193	-4.0164
521.99	-1.1486	-4.3333
522.99	-0.24845	-4.3878
523.99	0.59801	-4.2877
524.99	1.602	-3.8849
525.99	2.3498	-3.3435
526.99	2.9681	-2.7194
527.99	3.342	-2.1191
529	3.6116	-1.4138
530	3.7473	-0.53343
531	3.7356	0.3048
532	3.4478	1.2967
533	2.965	2.1529
534	2.223	2.93
535	1.6342	3.3054
536	1.0225	3.5834
537	0.079089	3.7716
538	-0.69575	3.7752
539.01	-1.7638	3.5407
540.01	-2.4521	3.2065
541.01	-2.9691	2.8445
542.01	-3.6652	2.0597
543.01	-3.6233	1.7766
544.01	-2.4486	1.4587
545.01	-2.2456	1.4429
546.01	-2.2361	1.4429
547.01	-2.0978	2.4124
548.01	-1.5563	3.2661
549.01	-1.5556	3.2651
549.98	-1.5569	3.2385
550.98	-1.5518	3.2609
551.99	-1.6013	3.5091
552.99	-1.9679	3.4563
553.99	-2.7984	2.9601
554.99	-3.5699	2.1746
555.99	-4.127	1.1461
556.99	-4.3791	-0.039226
557.99	-4.3371	-0.95395
558.99	-4.1412	-1.7521
559.99	-3.6752	-2.6429
560.99	-3.0386	-3.3538
562	-2.0354	-4.0135
563	-0.86958	-4.367
564	0.13468	-4.358
565	1.1085	-4.109
566	1.8993	-3.7235
567	2.4912	-3.2179
568	2.986	-2.6708
569	3.4803	-1.7605
570	3.7102	-0.88177
571	3.7351	0.075044
572.01	3.5695	0.93244
573.01	3.2182	1.7272
574.01	2.937	2.2207
575.01	2.465	2.7232
576.01	1.8538	3.1821
577.01	1.1897	3.5206
578.01	0.54038	3.6799
579.01	-0.056365	3.7747
580.01	0.43458	3.2047
581.01	1.902	3.1059
582.01	2.5239	2.5141
582.98	3.124	1.8243
583.98	3.4992	0.96681
584.98	3.7274	0.0010075
585.99	3.6706	-0.36152
586.99	3.679	-0.91736
587.99	3.515	-1.5467
588.99	3.1057	-2.4081
589.99	2.4925	-3.0941
590.99	1.5464	-3.8107
591.99	0.53762	-4.0404
592.99	-0.80009	-3.6896
593.99	-1.6875	-4.0682
594.99	-2.7702	-3.5343
596	-3.4694	-2.8668
597	-4.0289	-1.8509
598	-3.7237	-1.2843
599	-4.2989	-0.086489
