0	0.28697	-2.6724
1.001	-0.39489	-0.53761
2.002	1.82	-1.1303
3.003	0.43046	-2.5379
4.004	-0.0672	-0.81216
5.005	1.7678	-1.8291
6.006	1.5489	-3.8531
7.007	0.26007	-3.919
8.008	-0.5116	-3.1391
9.009	-0.41126	-3.8075
10.01	0.73696	-3.9654
11.011	0.91963	-3.8618
12.012	0.84023	-3.4935
13.013	0.91843	-3.8768
14.014	-1.7014	-2.4012
15.015	-2.0886	0.010365
16.016	-2.1753	2.7231
16.983	-0.70507	3.2817
17.984	-0.46179	3.6728
18.985	0.33136	1.9191
19.986	1.0327	0.16065
20.987	-0.73836	-1.0203
21.988	0.25258	-3.1644
22.989	2.2124	-3.6384
23.99	1.2923	-3.9554
24.991	0.21589	-3.838
25.992	-1.202	-2.6726
26.993	-2.2317	-2.5348
27.994	-1.7332	-3.0653
28.995	-1.4368	-1.8317
29.996	-2.8645	-1.0525
30.997	-2.333	-0.088804
31.998	-1.6063	1.5504
32.999	-2.3782	2.5094
34	-1.451	3.2702
35.001	-1.648	3.265
36.002	-1.2211	2.199
37.003	-0.32148	3.5955
38.004	0.19362	4.0492
39.005	-0.32775	3.871
40.006	-0.71836	1.8379
41.007	-0.53672	2.9515
42.008	-1.1403	1.8655
43.009	-0.57831	3.1245
44.01	-1.2831	2.4574
45.011	-0.99444	3.0838
46.012	-0.22398	2.9044
47.013	-1.2096	2.6019
48.014	-0.63624	3.1125
49.015	-0.41406	2.6377
50.016	-0.83299	2.7278
50.984	-0.11475	2.8526
51.985	-0.09543	2.3369
52.986	-1.4895	2.2609
53.987	-0.73498	2.0611
54.988	-1.1847	1.524
55.989	-0.67279	2.3404
56.99	-0.70212	1.1627
57.991	-1.2559	1.5252
58.992	-0.13246	1.2885
59.993	-0.83042	0.91881
60.994	0.12401	1.5405
61.995	-1.1205	1.1117
62.996	-0.24206	1.2564
63.997	-0.65329	0.51221
64.998	-0.54564	1.8663
65.999	-0.81405	1.1521
67	-0.75312	1.1304
68.001	-0.76002	1.1511
69.002	-0.78199	1.1642
70.003	-0.77781	1.1683
71.004	-0.7603	1.1406
72.005	-0.7867	1.1418
73.006	-0.81153	1.1711
74.007	-0.61165	0.40965
75.008	-0.55118	-1.071
76.009	-0.28411	-0.49953
77.01	-1.1231	-1.425
78.011	-1.8511	-2.5865
79.012	-1.4006	-3.1844
80.013	-1.0852	-2.2873
81.014	-1.533	-2.5998
82.015	-0.5988	-2.3072
83.016	0.15273	-2.7243
83.983	-0.37604	-3.5066
84.984	-0.7528	-3.1895
85.985	-0.46594	-3.0949
86.986	-0.5681	-2.838
87.987	-1.5949	-2.0797
88.988	-1.9938	-0.49645
89.989	-1.9824	-0.35865
90.99	-1.5511	0.89734
91.991	-2.751	0.86864
92.992	-2.3916	0.50502
93.993	-0.97546	0.25838
94.994	-1.5337	1.7031
95.995	-1.3024	0.36946
96.996	-1.1613	1.816
97.997	-1.1483	0.5023
98.998	-0.19249	1.4927
100	-1.2447	0.84502
101	-0.36743	1.5235
102	-1.0653	0.3874
103	-0.15994	0.93079
104	-1.0465	0.48766
105.01	-0.10646	0.87663
106.01	-1.1755	0.39877
107.01	-0.44986	1.2634
108.01	-1.0595	0.44675
109.01	-0.18703	0.91631
110.01	0.77423	1.5665
111.01	0.88452	2.7764
112.01	0.60606	2.5336
113.01	0.63023	2.6021
114.01	0.54672	2.7704
114.98	0.55184	2.7492
115.98	-0.42063	3.2715
116.98	-0.44795	1.875
117.98	0.7049	2.5344
118.99	-0.44215	2.2626
119.99	0.47578	2.4936
120.99	-0.63399	2.3458
121.99	0.20799	1.1475
122.99	-0.041623	2.4157
123.99	-0.76823	1.4025
124.99	0.2028	0.0060968
125.99	0.33581	1.2943
126.99	0.019133	0.34218
127.99	0.66177	1.3515
129	-0.12294	0.63054
130	0.38887	-1.0982
131	1.7604	-0.91814
132	0.58973	-0.79552
133	1.1836	-1.8585
134	1.3684	-0.57811
135	0.37534	-1.1898
136	1.6584	-1.0765
137	0.5514	-0.40031
138	0.080607	-1.1108
139.01	0.89242	-0.30929
140.01	-0.16266	-0.4829
141.01	-0.48401	-1.938
142.01	0.22363	-3.084
143.01	0.51293	-2.2135
144.01	0.33076	-3.1932
145.01	1.3534	-3.408
146.01	1.8044	-2.3857
147.01	0.81692	-2.0269
148.01	1.99	-2.3214
149.01	1.3093	-1.7592
149.98	1.3421	-2.7474
150.98	1.8858	-3.3425
151.99	2.2315	-3.6771
152.99	2.2583	-3.6438
153.99	2.2616	-3.6485
154.99	2.0801	-3.7646
155.99	1.5766	-3.6427
156.99	1.8539	-3.7993
157.99	2.1345	-3.2736
158.99	2.4106	-3.6923
159.99	1.2648	-3.955
160.99	0.098629	-3.9015
162	-0.48099	-3.4162
163	-1.173	-3.3378
164	-0.74818	-3.5638
165	0.73153	-3.809
166	1.9281	-3.7396
167	2.7534	-2.7257
168	1.6037	-2.6703
169	2.7263	-2.7625
170	1.9274	-2.2938
171	2.5635	-3.4625
172.01	2.802	-3.4138
173.01	3.7012	-2.2508
174.01	2.3307	-1.8199
175.01	2.0265	-2.7377
176.01	2.1078	-1.5328
177.01	1.3945	-2.6152
178.01	2.3227	-2.0994
179.01	1.3268	-2.5922
180.01	0.89452	-3.3861
181.01	-0.54788	-3.7484
182.01	-0.12569	-3.8375
182.98	0.93202	-3.6759
183.98	0.58484	-2.781
184.98	-0.60108	-3.6397
185.99	0.33051	-3.8746
186.99	1.4897	-3.0506
187.99	0.36052	-2.9519
188.99	0.31481	-2.8263
189.99	0.34975	-2.8069
190.99	0.3285	-2.4271
191.99	0.062158	-2.7262
192.99	0.89517	-1.8534
193.99	1.7025	-3.11
194.99	0.14625	-2.7052
196	0.93975	-2.2526
197	0.91472	-3.6956
198	0.9253	-3.9321
199	1.1092	-3.1084
200	1.9495	-3.3389
201	1.1475	-2.063
202	1.6891	-2.8893
203	1.0074	-3.9033
204	0.78109	-3.5507
205.01	0.50398	-2.3154
206.01	1.7145	-3.0208
207.01	0.55386	-3.491
208.01	0.21515	-1.8475
209.01	1.1486	-2.2424
210.01	0.38601	-2.9211
211.01	0.92975	-1.6646
212.01	2.2736	-1.8882
213.01	3.3193	-3.0302
214.01	3.3169	-3.1362
215.01	3.123	-3.2252
215.98	2.1629	-3.3372
216.98	1.6024	-3.8362
217.98	2.3975	-3.5991
218.99	3.5033	-2.8221
219.99	3.3262	-1.4893
220.99	2.6285	-0.61019
221.99	2.1974	-1.8992
222.99	3.2806	-2.4388
223.99	4.0423	-2.0776
224.99	3.3169	-1.4069
225.99	4.0131	-2.0482
226.99	3.494	-1.335
227.99	3.594	-2.3786
229	4.0955	-1.2764
230	3.0646	-1.6479
231	4.2327	-1.9439
232	3.9231	-0.62447
233	3.5549	-1.7388
234	4.4408	-1.2222
235	3.5033	-1.2226
236	4.6035	-0.8988
237	3.5961	-0.55371
238	3.8346	-1.6295
239.01	4.3785	-0.60786
240.01	3.5056	-1.1659
241.01	4.3738	-1.1189
242.01	3.4786	-0.39673
243.01	3.4885	-1.5335
244.01	4.2188	-0.72128
245.01	3.2812	-0.28539
246.01	3.9477	-1.4333
247.01	4.1895	-0.31282
248.01	3.7629	-0.77425
249.01	4.7589	-0.68818
249.98	4.4371	-0.83572
250.98	4.2731	-0.64995
251.99	4.1209	-1.1854
252.99	4.6297	-1.0243
253.99	4.8265	-0.62876
254.99	4.6674	-1.2876
255.99	4.3225	-2.037
256.99	3.9048	-2.6035
257.99	3.109	-3.2971
258.99	2.2214	-3.7372
259.99	1.3627	-3.9484
260.99	0.27464	-3.9414
262	-0.74192	-3.6381
263	-1.0453	-3.2221
264	-0.39113	-2.2095
265	-0.24278	-0.87801
266	0.63742	0.045273
267	1.8541	-0.10053
268	2.7766	-0.55948
269	2.1966	-1.7486
270	1.7246	-1.7019
271	2.2287	-0.48892
272.01	3.0411	-0.054691
273.01	2.4059	1.0148
274.01	1.9515	2.5976
275.01	1.888	3.6666
276.01	2.2501	3.2296
277.01	0.89292	2.8294
278.01	-0.9207	2.7869
279.01	-2.0704	2.951
280.01	-2.0097	2.9978
281.01	-1.6767	3.308
282.01	-0.796	3.8288
282.98	-0.10603	3.7051
283.98	1.021	4.1083
284.98	0.97967	4.0726
285.99	-0.079228	4.0382
286.99	-0.93032	3.1772
287.99	-0.75808	1.995
288.99	-0.66069	1.5444
289.99	-0.25853	0.66512
290.99	-0.94163	1.2734
291.99	0.15875	2.0568
292.99	0.072349	0.70031
293.99	-0.44841	0.51977
294.99	-1.4865	1.5352
296	-2.6372	2.0266
297	-2.6368	2.0266
298	-2.6448	2.0275
299	-2.6442	2.038
300	-2.6452	2.0281
301	-2.6401	2.0148
302	-2.6465	2.0261
303	-2.661	2.0289
304	-2.6504	2.0313
305.01	-2.66	2.0303
306.01	-2.6485	2.0324
307.01	-2.3688	1.8104
308.01	-2.0534	0.68155
309.01	-2.9925	0.68436
310.01	-3.1388	0.93266
311.01	-3.0333	1.3923
312.01	-2.3919	1.8273
313.01	-2.814	1.5619
314.01	-1.9012	1.9031
315.01	-1.6526	0.93527
315.98	-2.6993	0.2242
316.98	-2.7151	1.359
317.98	-1.2555	1.3542
318.99	-0.70954	-0.14304
319.99	-2.014	-0.58596
320.99	-3.1291	0.15228
321.99	-3.2651	0.14371
322.99	-3.2122	0.35081
323.99	-2.7006	0.72127
324.99	-2.8149	1.7761
325.99	-2.4444	2.3898
326.99	-1.8483	2.9687
327.99	-1.7335	3.2046
329	-2.5473	2.2513
330	-2.916	1.3714
331	-3.1474	0.27339
332	-2.9834	-1.0724
333	-1.8125	-1.8048
334	-0.70088	-0.87178
335	-1.8906	-0.18544
336	-1.903	-1.168
337	-1.4973	-0.27907
338	-2.4464	-0.83173
339.01	-1.6843	-0.25006
340.01	-2.5665	-0.60751
341.01	-3.094	-0.69264
342.01	-3.093	-0.70168
343.01	-3.1087	-0.68414
344.01	-3.1039	-0.69811
345.01	-3.1043	-0.67988
346.01	-3.1172	-0.67394
347.01	-3.1693	-0.37199
348.01	-3.1684	0.49952
349.01	-3.0052	1.34
349.98	-2.9246	1.4515
350.98	-3.0649	1.325
351.99	-3.2202	0.51175
352.99	-3.2411	-0.19049
353.99	-3.165	-0.68237
354.99	-2.9157	-0.78714
355.99	-2.1103	-0.039234
356.99	-2.538	0.65425
357.99	-1.6047	1.1286
358.99	-2.3685	1.9529
359.99	-2.2513	2.5463
360.99	-1.4849	3.3588
362	-0.70187	3.645
363	-0.20376	3.8848
364	-0.97698	3.6572
365	-1.3016	2.8872
366	-0.22358	2.2413
367	-0.22447	3.1471
368	-1.4286	2.3614
369	-0.91264	1.2747
370	-0.36032	2.4018
371	-1.2173	3.0687
372.01	-1.3982	3.3179
373.01	-1.4151	3.383
374.01	-1.4699	3.4169
375.01	-1.963	2.9955
376.01	-2.513	2.1094
377.01	-2.102	1.0564
378.01	-1.346	1.6846
379.01	-2.376	2.0891
380.01	-2.6527	0.91702
381.01	-1.3929	0.71028
382.01	-1.3376	2.0612
382.98	-2.1538	1.6517
383.98	-0.99718	1.1056
384.98	-0.30385	2.115
385.99	-1.172	2.7042
386.99	-1.4444	1.6313
387.99	-0.38525	1.5054
388.99	-0.86818	2.285
389.99	-1.0898	1.3496
390.99	0.0027175	1.7184
391.99	-0.92159	2.4552
392.99	-0.89298	1.7167
393.99	-0.4893	2.4959
394.99	-1.1897	1.616
396	0.10804	0.79078
397	0.25262	1.7586
398	-0.98378	1.993
399	-0.8961	0.95184
400	-0.30343	1.9531
401	-1.4784	2.6555
402	-2.0844	1.6646
403	-0.97384	2.0243
404	-1.8388	2.3319
405.01	-1.0206	2.0959
406.01	-1.5804	3.181
407.01	-1.5972	3.2266
408.01	-1.5789	3.1911
409.01	-1.5626	3.1721
410.01	-1.5802	3.1904
411.01	-1.561	3.173
412.01	-1.5526	3.1549
413.01	-1.5531	3.1461
414.01	-1.5588	3.123
415.01	-1.5768	3.1173
415.98	-2.0866	2.5268
416.98	-2.1651	1.2243
417.98	-1.1843	1.1468
418.99	-0.89935	2.3022
419.99	-1.5305	1.6718
420.99	-0.19542	1.6659
421.99	-0.7082	2.6529
422.99	-1.8323	2.4427
423.99	-0.91719	1.8045
424.99	-0.95214	2.815
425.99	-1.3679	1.7176
426.99	-0.31232	2.2404
427.99	-0.82517	3.2984
429	-0.77704	2.336
430	-0.2742	3.3323
431	-1.0398	3.5685
432	-1.6561	2.5406
433	-0.64574	2.2239
434	-1.345	3.2652
435	-2.1656	2.3812
436	-2.0681	1.2695
437	-1.5681	0.078274
438	-1.1266	1.0787
439.01	-2.0524	0.3256
440.01	-1.1662	0.46401
441.01	-2.3529	0.73884
442.01	-1.5516	-0.091114
443.01	-1.1662	1.0849
444.01	-2.4589	0.96101
445.01	-2.4242	0.024517
446.01	-1.8834	0.96795
447.01	-2.9955	1.077
448.01	-2.1015	0.19201
449.01	-1.5989	1.4139
449.98	-2.3945	0.70858
450.98	-1.0959	0.8279
451.99	-1.9997	1.3808
452.99	-2.8038	0.47306
453.99	-2.4547	-0.85775
454.99	-1.3616	-0.65638
455.99	-2.2251	-0.12431
456.99	-3.1553	0.16224
457.99	-3.1732	0.27924
458.99	-2.7088	0.23353
459.99	-2.9746	-0.070917
460.99	-2.9101	0.76636
462	-3.0629	0.91803
463	-3.0643	0.93395
464	-3.047	0.93416
465	-3.0466	0.93378
466	-3.0385	0.93343
467	-3.0467	0.91561
468	-2.9067	0.82291
469	-2.6817	-0.22455
470	-1.8989	-0.82297
471	-1.0424	-0.50896
472.01	0.077519	0.012674
473.01	0.92195	0.1501
474.01	1.5966	-0.91464
475.01	2.4647	-1.8585
476.01	3.6532	-1.833
477.01	4.5585	-1.2419
478.01	4.6461	-1.2921
479.01	4.5123	-1.6255
480.01	4.2272	-2.1662
481.01	4.0775	-2.3884
482.01	3.5617	-2.9464
482.98	3.2343	-2.908
483.98	2.3201	-3.1456
484.98	2.2876	-3.6326
485.99	1.3264	-3.8369
486.99	0.39311	-3.929
487.99	-0.22974	-3.7499
488.99	-0.34838	-3.7289
489.99	0.46829	-3.9067
490.99	1.3362	-3.7575
491.99	2.0276	-3.4003
492.99	1.6296	-2.504
493.99	0.83043	-1.9412
494.99	0.40983	-0.72033
496	-0.20852	0.44645
497	-0.7993	-0.14394
498	0.57702	0.06137
499	0.44049	0.99628
500	-0.39371	0.36018
501	0.97054	0.29377
502	0.32844	0.80169
503	0.19521	-0.36033
504	1.479	-0.8528
505.01	1.6493	0.025487
506.01	0.67897	-0.49961
507.01	1.4233	-1.2884
508.01	1.854	-0.30763
509.01	2.1685	0.84246
510.01	1.1372	0.77946
511.01	1.9363	0.62736
512.01	1.19	1.4468
513.01	1.2914	0.253
514.01	2.3111	0.18174
515.01	1.9705	1.4141
515.98	0.90592	1.0389
516.98	1.694	0.088754
517.98	2.6621	0.14442
518.99	1.5248	0.34028
519.99	1.8709	-0.46059
520.99	1.63	0.62365
521.99	0.97796	-0.26921
522.99	1.1176	-1.4656
523.99	1.2215	-0.42142
524.99	0.59393	-1.4058
525.99	1.5141	-1.703
526.99	0.87944	-0.61824
527.99	-0.019435	-1.0668
529	-0.95947	-2.0421
530	0.035116	-2.063
531	0.22221	-0.71969
532	-0.50946	-1.218
533	0.56032	-1.5912
534	0.30576	-0.74271
535	-0.57206	-1.5084
536	-0.94134	-2.4301
537	0.16088	-2.3758
538	0.12305	-1.0788
539.01	-0.35949	-1.9101
540.01	-0.069207	-2.0686
541.01	-0.070348	-2.079
542.01	-0.012217	-2.082
543.01	0.35658	-1.3284
544.01	-0.58023	-0.73718
545.01	-1.0285	-1.7379
546.01	-0.41391	-1.4149
547.01	-1.3372	-0.97659
548.01	-1.0665	-1.6751
549.01	-0.24862	-0.72002
549.98	-1.0035	0.125
550.98	-1.751	-0.70046
551.99	-0.76171	-0.25053
552.99	-1.1465	0.70446
553.99	-1.4177	1.4338
554.99	-2.4386	2.1705
555.99	-2.6661	1.8688
556.99	-2.5085	0.70271
557.99	-1.5125	0.94651
558.99	-2.0006	1.8383
559.99	-2.3555	1.1337
560.99	-1.5682	1.5351
562	-2.6202	1.7789
563	-2.6017	0.86051
564	-2.1432	1.5783
565	-3.0413	1.113
566	-2.9756	-0.14239
567	-1.8916	-0.38652
568	-2.5535	0.39172
569	-2.5731	-0.66255
570	-1.9749	0.087666
571	-2.8345	0.27045
572.01	-2.1015	-0.54036
573.01	-1.5886	0.4045
574.01	-2.5813	1.3195
575.01	-2.8393	1.6895
576.01	-2.499	2.4369
577.01	-2.4728	2.0878
578.01	-2.5281	2.1533
579.01	-2.5379	2.3669
580.01	-2.5749	2.3776
581.01	-2.2665	2.742
582.01	-1.8763	3.1947
582.98	-1.3449	3.2906
583.98	-1.0253	3.2435
584.98	-0.54702	2.2775
585.99	0.0094114	2.5744
586.99	0.095437	3.16
587.99	-0.55998	3.5013
588.99	-0.35797	3.3637
589.99	0.091864	2.5312
590.99	1.1143	1.9021
591.99	2.2776	1.6629
592.99	3.3469	1.3415
593.99	4.3483	0.8782
594.99	4.8807	0.074491
596	4.8825	0.050481
597	4.9164	-0.16224
598	4.8436	-0.58482
598.97	4.7772	-0.96635
