0	-2.1882	2.1971
1.001	-2.2533	2.5194
2.002	-2.706	3.5139
3.003	-3.1303	3.2757
4.004	-2.6494	2.8718
5.005	-3.4599	2.4874
6.006	-4.369	1.047
7.007	-4.3393	-0.39581
8.008	-4.3427	-1.3928
9.009	-3.388	-2.8365
10.01	-2.8122	-3.216
11.011	-1.7683	-3.0473
12.012	-1.7562	-3.0445
13.013	-1.2849	-3.8864
14.014	-1.922	-3.7351
15.015	-2.8659	-2.5057
16.016	-3.9207	-0.8139
16.983	-3.3224	0.43295
17.984	-2.6024	1.2914
18.985	-0.632	1.3792
19.986	-0.8593	1.4197
20.987	-0.86632	1.4215
21.988	-0.85114	1.4472
22.989	-0.85211	1.4087
23.99	-0.90847	1.4992
24.991	-2.0723	-0.50614
25.992	-4.0174	-1.9
26.993	-2.5044	-3.494
27.994	-0.7196	-3.8529
28.995	-0.53287	-3.6562
29.996	-0.51231	-3.714
30.997	0.70913	-3.793
31.998	1.5888	-3.4043
32.999	2.1415	-2.8258
34	3.0878	-1.7648
35.001	3.2143	-1.5547
36.002	3.2191	-1.4701
37.003	2.337	-0.62698
38.004	-0.21623	-0.1823
39.005	-3.1864	-0.12307
40.006	-3.371	0.11749
41.007	-2.7282	1.2958
42.008	-2.1897	0.61365
43.009	-0.71863	-1.6074
44.01	-0.34314	-3.0336
45.011	-0.76598	-3.1248
46.012	-2.995	-3.1577
47.013	-3.4865	-2.6302
48.014	-4.1818	-1.7089
49.015	-3.9618	-2.0892
50.016	-3.9519	-2.2351
50.984	-3.555	-2.7077
51.985	-3.6234	-2.6909
52.986	-3.4505	-2.8677
53.987	-3.042	-3.2032
54.988	-2.6034	-2.9354
55.989	-2.2732	-2.2288
56.99	-2.4499	-1.6023
57.991	-1.386	0.7374
58.992	-1.2255	1.2904
59.993	-2.8132	1.0921
60.994	-3.8305	-0.41203
61.995	-4.3189	-1.0248
62.996	-3.801	-1.0357
63.997	-1.8233	-1.202
64.998	-0.83714	-3.0073
65.999	0.098676	-2.6401
67	1.0005	-0.54867
68.001	3.4515	0.050984
69.002	3.4834	0.6446
70.003	3.4021	1.0728
71.004	2.9966	2.0952
72.005	2.2017	3.085
73.006	2.2134	3.0959
74.007	2.2182	3.0816
75.008	2.2179	3.0811
76.009	2.2087	3.0819
77.01	2.2067	3.0829
78.011	2.2003	3.1048
79.012	2.202	3.0969
80.013	2.2061	3.0895
81.014	2.166	3.1394
82.015	2.1658	3.1436
83.016	2.0637	3.2217
83.983	2.0614	3.2236
84.984	2.0473	3.2244
85.985	2.0678	3.2097
86.986	2.0506	3.2236
87.987	2.0506	3.2236
88.988	1.6706	3.5146
89.989	1.653	3.5319
90.99	1.6221	3.5451
91.991	1.6029	3.5535
92.992	1.5786	3.5661
93.993	1.5609	3.5781
94.994	1.5605	3.5778
95.995	1.5605	3.5778
96.996	1.3844	3.6772
97.997	1.1024	3.8236
98.998	0.88536	3.9111
100	1.2381	3.761
101	1.6389	3.5389
102	1.3489	3.0855
103	1.3852	3.3816
104	1.8202	3.0994
105.01	2.2772	2.5495
106.01	2.4175	2.8224
107.01	2.3355	2.9754
108.01	2.2349	3.0866
109.01	1.9598	3.3056
110.01	1.5218	3.5959
111.01	1.0466	3.8461
112.01	0.54313	4.0223
113.01	0.52455	4.0252
114.01	0.52879	4.0167
114.98	0.51162	4.0194
115.98	0.51773	4.0251
116.98	0.44012	4.0362
117.98	-0.0037425	4.1505
118.99	-0.47862	4.1728
119.99	-0.85742	4.1714
120.99	-0.88269	4.1706
121.99	-1.0218	4.0902
122.99	-1.0962	3.779
123.99	-1.078	2.5978
124.99	-0.584	1.1649
125.99	0.70181	-0.10675
126.99	2.1186	-1.2228
127.99	2.7218	-2.253
129	1.6875	-3.1008
130	1.0166	-3.6014
131	0.77527	-3.5407
132	0.87115	-3.6093
133	1.1008	-3.565
134	1.2957	-3.5039
135	2.043	-3.0524
136	2.5054	-2.2361
137	3.1277	-1.0748
138	2.1513	-0.52489
139.01	1.2901	-0.92974
140.01	0.79114	-1.3402
141.01	0.37192	-1.0044
142.01	0.1894	-0.89886
143.01	0.18061	-0.89139
144.01	0.18046	-0.88259
145.01	0.1811	-0.8809
146.01	0.18045	-0.8808
147.01	0.18212	-0.88892
148.01	0.17785	-0.71209
149.01	0.17898	-0.68481
149.98	0.18581	-0.68682
150.98	0.17967	-0.67595
151.99	0.18894	-0.66692
152.99	0.19466	-0.65116
153.99	0.19475	-0.65048
154.99	0.10663	-0.55105
155.99	-0.00040559	-0.48738
156.99	-0.017631	-0.48552
157.99	0.015503	-0.039592
158.99	1.5719	0.95755
159.99	1.5516	1.0076
160.99	-0.94574	0.3873
162	-3.4643	-0.75972
163	-2.6304	-2.3837
164	-0.67655	-2.9611
165	0.34838	-0.92016
166	-1.9978	0.3783
167	-3.3675	-1.046
168	-2.4321	-3.2265
169	-0.82963	-3.0959
170	-1.7542	-1.1296
171	-3.7778	-1.2211
172.01	-4.2343	-1.2014
173.01	-3.9289	-0.72807
174.01	-3.5014	0.070205
175.01	-1.6471	0.0082509
176.01	-0.64509	1.0694
177.01	-1.4316	1.3961
178.01	-2.8723	1.0697
179.01	-3.1709	0.28747
180.01	-3.8827	-1.6942
181.01	-2.8222	-2.9373
182.01	-0.66768	-3.7378
182.98	-0.59506	-3.7127
183.98	-0.63914	-3.7383
184.98	-0.47898	-3.4934
185.99	-0.50398	-3.6402
186.99	-1.2605	-3.3215
187.99	-1.8545	-1.6386
188.99	-0.55968	-0.178
189.99	1.6198	0.26341
190.99	3.3193	1.1414
191.99	3.3455	1.017
192.99	3.2656	1.4514
193.99	3.2504	1.4387
194.99	3.1841	1.7235
196	3.1311	1.846
197	3.1862	1.7271
198	3.0992	1.896
199	3.1297	1.8472
200	3.1442	1.829
201	3.175	1.7541
202	3.2385	1.621
203	3.3551	1.229
204	3.173	1.4579
205.01	3.0112	1.8954
206.01	2.454	2.2393
207.01	2.5938	2.2073
208.01	2.6011	2.2066
209.01	2.588	2.1958
210.01	2.5878	2.2038
211.01	2.6038	2.2073
212.01	2.648	2.2071
213.01	2.8814	2.0704
214.01	3.2345	0.93609
215.01	3.5323	0.069685
215.98	3.4739	0.75182
216.98	3.3493	1.2669
217.98	3.2192	1.6458
218.99	3.261	1.5829
219.99	3.2624	1.484
220.99	3.33	1.3844
221.99	3.3803	1.1006
222.99	3.4584	0.89453
223.99	3.5164	0.53211
224.99	3.5325	0.17041
225.99	3.3156	-0.037032
226.99	2.6749	0.036211
227.99	2.6745	0.13449
229	2.6739	0.13268
230	2.6946	0.2517
231	2.6309	0.38169
232	2.4072	0.77687
233	2.4212	0.76492
234	2.3681	0.86394
235	1.6975	1.3287
236	1.6636	1.2926
237	1.6766	1.3084
238	1.6761	1.3074
239.01	1.6842	1.3157
240.01	1.5482	1.3161
241.01	0.7586	0.61232
242.01	0.40404	-0.50293
243.01	1.1878	-1.6766
244.01	2.0346	-1.9002
245.01	2.911	-1.2626
246.01	3.3871	-0.65252
247.01	3.4453	-0.48664
248.01	3.5039	0.45989
249.01	3.2268	1.5259
249.98	2.9713	2.0653
250.98	2.9763	2.0286
251.99	2.9376	2.0389
252.99	2.4581	2.3587
253.99	2.3313	2.5113
254.99	2.3378	2.51
255.99	2.3309	2.5112
256.99	2.1739	3.0167
257.99	1.613	3.1786
258.99	0.90793	3.1855
259.99	0.73622	3.7628
260.99	0.71882	3.7637
262	0.78614	3.5975
263	0.88256	3.5227
264	1.2089	2.9408
265	2.2941	2.6391
266	2.9031	1.9393
267	3.2468	1.5404
268	3.3386	1.2851
269	3.4918	0.647
270	3.5321	-0.027021
271	3.4675	-0.62572
272.01	3.3345	-1.2054
273.01	3.2573	-1.4326
274.01	3.2834	-1.3803
275.01	3.2754	-1.3215
276.01	3.3139	-1.295
277.01	3.1871	-1.6177
278.01	2.9769	-2.0188
279.01	2.854	-2.2244
280.01	2.8418	-2.2271
281.01	2.8477	-2.2162
282.01	2.8384	-2.2272
282.98	2.8387	-2.2184
283.98	2.8627	-2.2151
284.98	2.8627	-2.2151
285.99	2.8534	-2.2162
286.99	2.7773	-2.3302
287.99	2.7249	-2.4201
288.99	2.7271	-2.4125
289.99	2.7267	-2.4116
290.99	2.726	-2.4105
291.99	2.7185	-2.4143
292.99	2.7116	-2.4312
293.99	2.6522	-2.5194
294.99	2.6535	-2.5186
296	2.6493	-2.5158
297	2.6556	-2.5134
298	2.648	-2.5166
299	2.6528	-2.5175
300	2.6459	-2.5217
301	2.6459	-2.5217
302	2.6447	-2.5225
303	2.6456	-2.5221
304	2.6428	-2.5237
305.01	2.6447	-2.5233
306.01	2.6428	-2.5237
307.01	2.6428	-2.5237
308.01	2.6413	-2.5244
309.01	2.6432	-2.5244
310.01	2.6395	-2.5296
311.01	2.6347	-2.5268
312.01	2.6263	-2.5424
313.01	2.6245	-2.5478
314.01	2.6259	-2.542
315.01	2.5955	-2.568
315.98	2.4846	-2.6773
316.98	2.2903	-2.9023
317.98	2.0596	-3.1082
318.99	1.9558	-3.192
319.99	1.9551	-3.1917
320.99	1.9634	-3.1886
321.99	1.9675	-3.1868
322.99	1.9674	-3.1807
323.99	1.9589	-3.1839
324.99	1.9638	-3.1883
325.99	1.9855	-3.1328
326.99	1.9403	-3.1854
327.99	1.8894	-3.2386
329	1.8331	-3.2133
330	1.3714	-2.96
331	0.79525	-2.8402
332	0.78465	-2.8386
333	0.78329	-2.8374
334	0.7909	-2.8429
335	0.784	-2.8296
336	0.77626	-2.8268
337	0.78371	-2.8298
338	0.69412	-2.7389
339.01	0.17091	-2.5305
340.01	-0.5482	-2.5869
341.01	-0.95407	-2.7017
342.01	-0.96334	-2.6837
343.01	-0.96919	-2.6606
344.01	-0.96371	-2.6587
345.01	-0.97112	-2.6591
346.01	-0.9657	-2.6569
347.01	-0.97207	-2.6572
348.01	-0.9697	-2.6598
349.01	-0.97376	-2.6649
349.98	-0.96548	-2.6547
350.98	-0.97348	-2.6299
351.99	-1.1325	-2.5482
352.99	-1.5465	-2.3046
353.99	-2.3561	-2.2107
354.99	-2.9124	-2.6445
355.99	-2.9199	-2.6911
356.99	-2.927	-2.7017
357.99	-2.9287	-2.7094
358.99	-2.9298	-2.7175
359.99	-2.9623	-2.7207
360.99	-2.9604	-2.7224
362	-2.9739	-2.7449
363	-2.9992	-2.7383
364	-3.0001	-2.7376
365	-3.0014	-2.7455
366	-2.9732	-2.7278
367	-2.9736	-2.7572
368	-2.9649	-2.7626
369	-2.9659	-2.7462
370	-2.9708	-2.7508
371	-2.9579	-2.7734
372.01	-2.9507	-2.7867
373.01	-2.9559	-2.7721
374.01	-2.9476	-2.7718
375.01	-2.9378	-2.7458
376.01	-2.9509	-2.7763
377.01	-2.9436	-2.776
378.01	-2.939	-2.7649
379.01	-2.9397	-2.7728
380.01	-2.9378	-2.7705
381.01	-2.9388	-2.7551
382.01	-2.9395	-2.7626
382.98	-2.9455	-2.7367
383.98	-2.9466	-2.7363
384.98	-2.9468	-2.7376
385.99	-2.9472	-2.7372
386.99	-2.9472	-2.7372
387.99	-2.9466	-2.7363
388.99	-2.9468	-2.7366
389.99	-2.9466	-2.7363
390.99	-2.9463	-2.7284
391.99	-2.9473	-2.7282
392.99	-2.9477	-2.7278
393.99	-2.9547	-2.7278
394.99	-2.9609	-2.7275
396	-2.9612	-2.7356
397	-2.9621	-2.7278
398	-2.9643	-2.7114
399	-2.8648	-2.8462
400	-2.4595	-2.972
401	-2.0672	-2.5444
402	-1.8921	-1.63
403	-2.3485	-0.86324
404	-3.0792	-0.50189
405.01	-3.4746	-0.4671
406.01	-3.5461	-0.43008
407.01	-3.5461	-0.43008
408.01	-3.5355	-0.44598
409.01	-3.5395	-0.43216
410.01	-3.5215	-0.42276
411.01	-3.5288	-0.42034
412.01	-3.5131	-0.40497
413.01	-3.5112	-0.39482
414.01	-3.5284	-0.39469
415.01	-3.528	-0.39429
415.98	-3.5291	-0.40272
416.98	-3.5226	-0.40468
417.98	-3.52	-0.41152
418.99	-3.5197	-0.41154
419.99	-3.5221	-0.40432
420.99	-3.5293	-0.4121
421.99	-3.5378	-0.41236
422.99	-3.5209	-0.4123
423.99	-3.5297	-0.37795
424.99	-3.5295	-0.38587
425.99	-3.5296	-0.38634
426.99	-3.5308	-0.37912
427.99	-3.5359	-0.37478
429	-3.5259	-0.35435
430	-3.5336	-0.35297
431	-3.5331	-0.3527
432	-3.5338	-0.35492
433	-3.5556	-0.37634
434	-3.5637	-0.37686
435	-3.5543	-0.38391
436	-3.5647	-0.37685
437	-3.5671	-0.37127
438	-3.5581	-0.36997
439.01	-3.5696	-0.3557
440.01	-3.5631	-0.36608
441.01	-3.6378	-0.30594
442.01	-3.86	-0.25514
443.01	-3.8597	-0.25495
444.01	-3.8145	-0.24541
445.01	-3.8343	-0.24713
446.01	-3.8455	-0.23378
447.01	-3.8442	-0.23163
448.01	-3.8521	-0.22139
449.01	-3.8431	-0.22104
449.98	-3.8292	-0.20695
450.98	-3.8697	-0.18434
451.99	-3.8803	-0.18716
452.99	-3.8882	-0.16838
453.99	-3.8886	-0.15907
454.99	-3.8973	-0.15883
455.99	-3.9016	-0.14233
456.99	-3.8989	-0.13383
457.99	-3.8647	-0.1418
458.99	-3.9096	-0.13617
459.99	-3.9083	-0.12729
460.99	-3.9158	-0.11618
462	-3.9225	-0.10884
463	-3.9057	-0.10851
464	-3.909	-0.11631
465	-3.908	-0.11787
466	-3.8986	-0.11897
467	-3.8894	-0.11944
468	-3.8948	-0.12861
469	-3.905	-0.13726
470	-3.8985	-0.12777
471	-4.0141	-0.14644
472.01	-4.0062	-0.14542
473.01	-4.0081	-0.14445
474.01	-4.0118	-0.14972
475.01	-3.9949	-0.14904
476.01	-3.9851	-0.14956
477.01	-3.9859	-0.14881
478.01	-3.9605	-0.13803
479.01	-4.0064	-0.15527
480.01	-4.0238	-0.15534
481.01	-3.999	-0.15334
482.01	-3.9968	-0.14544
482.98	-4.0063	-0.14471
483.98	-4.0154	-0.1451
484.98	-4.0144	-0.13665
485.99	-3.9973	-0.11147
486.99	-4.5033	-0.12427
487.99	-4.5119	-0.11655
488.99	-4.5303	-0.10867
489.99	-4.5888	0.30447
490.99	-4.4901	1.1151
491.99	-4.48	0.96058
492.99	-4.4919	1.0655
493.99	-4.3426	1.2013
494.99	-3.7744	1.4691
496	-3.0961	2.3034
497	-2.3234	2.9762
498	-1.5682	3.1705
499	-0.9018	3.5515
500	-0.4518	3.8213
501	0.062176	3.8731
502	-1.7532e-005	4.0483
503	-0.084806	4.0471
504	-0.64518	4.1292
505.01	-0.98864	4.0784
506.01	-1.0087	4.0724
507.01	-1.0079	4.0708
508.01	-1.0068	4.074
509.01	-0.98264	4.0325
510.01	-1.0099	4.0005
511.01	-1.0166	3.9966
512.01	-1.0957	4.003
513.01	-2.025	3.8492
514.01	-2.5276	3.2219
515.01	-3.388	2.441
515.98	-3.6046	1.4513
516.98	-4.5377	0.68494
517.98	-4.5006	0.23959
518.99	-4.5582	-0.10688
519.99	-4.5142	-0.53845
520.99	-4.5311	-0.42368
521.99	-4.6164	0.15658
522.99	-4.5527	0.86541
523.99	-4.3485	1.4682
524.99	-3.949	1.7025
525.99	-3.0812	1.7196
526.99	-2.4347	2.1107
527.99	-1.8809	2.9159
529	-1.1001	3.6608
530	-0.23294	3.8289
531	-0.092545	4.0668
532	-0.4415	4.1065
533	-0.76277	4.1408
534	-0.75638	4.1327
535	-0.75811	4.1324
536	-0.77603	4.1152
537	-0.77631	4.1162
538	-0.79729	4.128
539.01	-0.82897	4.1159
540.01	-0.83883	4.1301
541.01	-0.84732	4.13
542.01	-0.84432	4.1186
543.01	-0.85746	4.1371
544.01	-0.88207	4.1303
545.01	-0.92049	4.1026
546.01	-0.92339	4.0889
547.01	-0.94157	4.073
548.01	-0.93521	4.079
549.01	-0.93328	4.0832
549.98	-0.93422	4.0801
550.98	-0.93173	4.0767
551.99	-0.92631	4.0833
552.99	-0.96892	4.082
553.99	-1.021	4.0666
554.99	-1.0245	4.0561
555.99	-1.0402	4.0569
556.99	-1.048	4.0567
557.99	-1.054	4.0639
558.99	-1.0588	4.0574
559.99	-1.0767	4.0599
560.99	-1.1013	4.0496
562	-1.1578	4.0547
563	-1.4005	3.9881
564	-1.7883	3.8952
565	-1.8909	3.5307
566	-1.6924	3.3694
567	-1.4774	3.0709
568	-1.1152	3.4382
569	-0.60518	3.9665
570	-0.47964	4.0827
571	-0.53903	4.0827
572.01	-1.0227	4.0786
573.01	-1.5139	3.7283
574.01	-1.9793	3.3668
575.01	-2.6984	3.4412
576.01	-3.1631	3.1274
577.01	-3.64	2.5222
578.01	-3.6831	2.242
579.01	-3.8421	2.0232
580.01	-4.3386	1.4289
581.01	-4.3413	0.90329
582.01	-4.2978	0.45693
582.98	-3.6084	0.82458
583.98	-3.0317	1.5906
584.98	-2.5492	2.0358
585.99	-1.9735	2.7389
586.99	-1.7668	3.6205
587.99	-1.8202	3.8756
588.99	-2.4568	3.6008
589.99	-2.8211	3.4239
590.99	-2.8192	3.4299
591.99	-2.8336	3.4276
592.99	-2.8397	3.4247
593.99	-2.8271	3.426
594.99	-2.8338	3.4258
596	-2.8488	3.4218
597	-2.8633	3.4049
598	-2.8714	3.3995
599	-2.8849	3.3794
