0	3.5152	-0.38399
1.001	2.9077	-2.1285
2.002	1.655	-3.4055
3.003	-0.013007	-3.8217
4.004	-1.9357	-2.7027
5.005	-3.3276	-2.7876
6.006	-2.0969	-0.97522
7.007	-0.76304	0.23325
8.008	-0.47176	2.304
9.009	-0.55653	3.7094
10.01	0.84411	3.7081
11.011	1.1957	1.673
12.012	0.58998	-0.037525
13.013	0.96553	-1.5294
14.014	0.91178	-2.9349
15.015	0.88656	-3.7145
16.016	1.9005	-3.1352
16.983	3.0767	-1.4971
17.984	3.4285	-0.078941
18.985	3.0158	1.6561
19.986	1.3076	2.0079
20.987	0.5681	1.9114
21.988	0.59215	1.9147
22.989	0.60645	1.9209
23.99	0.63361	1.9052
24.991	0.63363	1.9099
25.992	0.68364	1.9369
26.993	0.71392	1.9844
27.994	0.72368	1.9947
28.995	1.439	2.6489
29.996	2.56	1.8824
30.997	2.9737	0.87252
31.998	2.6091	-0.84359
32.999	2.6912	-2.1909
34	1.6418	-3.1661
35.001	-0.065561	-3.1212
36.002	-1.9334	-3.3433
37.003	-2.9753	-2.7684
38.004	-3.902	-1.1339
39.005	-4.3884	0.5629
40.006	-3.6542	2.6629
41.007	-2.0581	3.8314
42.008	0.042593	3.8845
43.009	1.3183	2.5282
44.01	1.939	0.72355
45.011	2.3486	0.49474
46.012	2.2866	0.54163
47.013	2.3118	0.60535
48.014	2.3061	0.60235
49.015	2.2976	0.58634
50.016	2.3044	0.59437
50.984	2.3049	0.60236
51.985	2.3764	0.52252
52.986	2.8028	0.22468
53.987	2.8055	0.21317
54.988	2.5701	0.42891
55.989	2.5649	0.42953
56.99	2.5596	0.40846
57.991	2.559	0.46392
58.992	2.2278	1.1209
59.993	2.2276	1.1274
60.994	2.1465	1.0789
61.995	1.5968	0.36724
62.996	0.75659	-0.73957
63.997	0.37082	-0.99428
64.998	0.37052	-0.99216
65.999	0.37443	-0.70266
67	1.2487	-0.50849
68.001	2.1255	0.38372
69.002	2.1687	1.9084
70.003	1.7369	2.2155
71.004	1.737	2.2148
72.005	1.8455	2.2902
73.006	2.335	2.8177
74.007	2.9358	2.1374
75.008	3.2086	1.5277
76.009	3.3677	1.2135
77.01	3.4885	-0.49983
78.011	2.9685	-2.0176
79.012	1.69	-3.3622
80.013	-0.14135	-4.0065
81.014	-0.62945	-3.0528
82.015	-0.39819	-1.6559
83.016	-0.76299	-0.60772
83.983	-0.78382	0.75402
84.984	-2.8235	1.7955
85.985	-3.6749	0.33865
86.986	-4.2576	-1.5838
87.987	-3.8557	-2.3697
88.988	-3.2317	-3.0368
89.989	-2.3653	-3.6319
90.99	-1.0504	-4.0026
91.991	0.019155	-3.9971
92.992	1.1925	-3.6485
93.993	2.0438	-3.1099
94.994	2.7364	-2.3888
95.995	3.1629	-1.651
96.996	3.4164	-0.88252
97.997	3.518	-0.069773
98.998	3.4115	0.0053085
100	3.2692	-0.67632
101	3.0819	-1.3503
102	2.3065	-2.2578
103	2.2663	-2.2782
104	2.2558	-2.2768
105.01	2.259	-2.2782
106.01	2.2539	-2.2977
107.01	2.2451	-2.2985
108.01	2.2438	-2.298
109.01	2.2153	-2.313
110.01	1.8288	-2.4534
111.01	1.8128	-2.46
112.01	1.7935	-2.4609
113.01	1.7939	-2.4459
114.01	1.792	-2.451
114.98	1.6539	-2.2935
115.98	1.2404	-1.4507
116.98	0.59078	-1.0664
117.98	0.56831	-0.60347
118.99	0.56949	0.11074
119.99	0.56007	0.11024
120.99	0.5607	0.12686
121.99	0.57404	0.1344
122.99	0.52758	0.2563
123.99	0.48878	-0.5054
124.99	0.70889	0.37996
125.99	-0.47351	-0.46328
126.99	-0.43717	0.79168
127.99	-1.0302	0.31929
129	-1.9352	1.7918
130	-2.4277	2.4788
131	-2.9521	3.3217
132	-3.4538	2.948
133	-4.1046	2.1057
134	-4.462	1.2323
135	-4.5313	0.9715
136	-4.4424	-0.20805
137	-4.1749	-1.5151
138	-3.0442	-1.9835
139.01	-0.90911	-2.515
140.01	1.0315	-3.6531
141.01	2.2094	-2.9583
142.01	3.0147	-1.9449
143.01	3.4619	-0.6745
144.01	3.4874	0.61428
145.01	3.212	1.6378
146.01	2.631	2.6145
147.01	1.9555	3.292
148.01	2.0699	3.217
149.01	2.4149	2.887
149.98	2.5114	2.494
150.98	1.554	2.626
151.99	1.4351	2.6777
152.99	1.4275	2.6798
153.99	1.4301	2.6842
154.99	1.3981	2.6911
155.99	0.91826	2.388
156.99	1.0742	2.6083
157.99	1.6568	3.4754
158.99	2.3833	2.8987
159.99	3.0348	2.0186
160.99	3.4582	0.82911
162	3.511	-0.40161
163	3.0417	-1.8918
164	2.6074	-2.5527
165	1.2411	-3.6313
166	-0.085213	-4.006
167	-1.7075	-3.8659
168	-2.9607	-3.2484
169	-3.6732	-2.5915
170	-4.2279	-1.7773
171	-4.5829	-0.64112
172.01	-4.6182	0.56858
173.01	-4.4583	1.3022
174.01	-4.4863	1.1999
175.01	-4.6026	0.64806
176.01	-4.5048	0.28677
177.01	-3.7373	0.81025
178.01	-3.7609	0.78869
179.01	-3.761	0.78733
180.01	-3.8131	0.75369
181.01	-4.2615	0.44966
182.01	-4.1932	0.46667
182.98	-4.1825	0.47172
183.98	-4.1681	0.46737
184.98	-4.0464	0.45896
185.99	-3.9628	0.37872
186.99	-3.7921	-0.82882
187.99	-4.0904	-1.8543
188.99	-2.8056	-2.9294
189.99	-1.6558	-3.8464
190.99	-0.3863	-3.8819
191.99	0.90726	-3.7017
192.99	2.0485	-2.6449
193.99	2.497	-0.75916
194.99	2.9336	0.72173
196	3.1222	1.726
197	2.2265	2.9011
198	1.5136	3.4941
199	0.10535	4.0668
200	-0.85042	3.7432
201	-1.7605	3.9695
202	-2.1951	3.4382
203	-2.1994	3.4372
204	-2.1951	3.4305
205.01	-2.1877	3.423
206.01	-2.193	3.4279
207.01	-2.1986	3.468
208.01	-2.7358	3.4474
209.01	-3.5863	2.1257
210.01	-4.2918	1.1099
211.01	-4.246	-0.19517
212.01	-3.923	-1.1495
213.01	-2.2356	-1.5764
214.01	-1.1108	-1.7731
215.01	-0.17146	-1.0045
215.98	1.019	-0.43595
216.98	2.2214	0.54872
217.98	1.6678	1.838
218.99	1.2999	3.0065
219.99	0.45942	2.7767
220.99	0.45011	2.6818
221.99	0.43614	2.683
222.99	0.4256	2.7196
223.99	0.42425	2.7401
224.99	0.41838	2.7421
225.99	0.41656	2.7401
226.99	0.41134	2.7453
227.99	-0.20595	2.8568
229	-0.15774	3.409
230	1.3802	3.1721
231	1.4291	2.3653
232	2.0633	0.50868
233	2.7168	-1.7128
234	1.3134	-3.181
235	0.44566	-3.8841
236	0.6392	-3.4761
237	1.9482	-2.707
238	1.2846	-1.0999
239.01	-0.59365	-0.75534
240.01	-0.61627	-0.71553
241.01	0.022485	0.013931
242.01	-0.012333	1.419
243.01	-0.96728	2.8263
244.01	-1.5627	3.9712
245.01	-1.9853	3.8856
246.01	-2.4513	3.6693
247.01	-2.745	3.5457
248.01	-2.3541	3.7495
249.01	-1.616	4.0241
249.98	-0.42451	4.1545
250.98	-0.25244	3.6484
251.99	0.55355	3.8928
252.99	1.404	2.8655
253.99	1.3595	1.7174
254.99	2.3491	0.28691
255.99	1.3535	-1.6626
256.99	-0.75831	-1.8232
257.99	-2.6649	-2.8628
258.99	-1.5348	-3.1325
259.99	0.42414	-2.5446
260.99	1.9617	-3.089
262	2.1642	-3.0074
263	2.9124	-2.1072
264	3.4026	-0.93715
265	3.5163	0.25327
266	3.3048	1.4064
267	2.8386	2.3352
268	2.2639	3.0252
269	1.7921	3.3
270	1.0608	1.9962
271	0.20727	0.75462
272.01	0.73608	-0.9569
273.01	0.16596	-2.7175
274.01	-0.71855	-3.3624
275.01	-0.73623	-3.3627
276.01	-1.2407	-3.417
277.01	-2.5036	-3.3267
278.01	-3.4748	-2.679
279.01	-3.3942	-2.5705
280.01	-2.8902	-2.1263
281.01	-3.4665	-1.5985
282.01	-4.2715	-1.5805
282.98	-4.4734	-0.90832
283.98	-4.6116	0.022617
284.98	-4.5162	0.97783
285.99	-4.0333	2.0244
286.99	-3.3	2.4872
287.99	-2.3089	3.6221
288.99	-1.1654	4.0718
289.99	-0.6069	4.0426
290.99	-0.61997	4.0493
291.99	-0.63734	4.0543
292.99	-0.64417	4.0618
293.99	-0.63456	4.0581
294.99	-0.64238	4.0603
296	-0.64967	4.0621
297	-0.64951	4.0617
298	-0.64802	4.0639
299	-0.6472	4.0635
300	-0.65027	4.0623
301	-0.64039	4.0701
302	-0.62269	3.995
303	-0.51765	3.4269
304	-0.60945	2.9409
305.01	-0.61298	2.9347
306.01	-0.61912	2.9302
307.01	-0.61264	2.932
308.01	-0.61075	2.9215
309.01	-0.75075	2.7053
310.01	-0.45754	1.3778
311.01	0.38168	0.067437
312.01	0.86243	-1.4894
313.01	0.43522	-3.1151
314.01	-0.32328	-3.9599
315.01	-1.1416	-3.8355
315.98	-2.4421	-3.4248
316.98	-3.1587	-3.0045
317.98	-3.9972	-2.0972
318.99	-4.523	-0.7461
319.99	-4.5802	0.47307
320.99	-3.4001	1.0823
321.99	-2.7771	1.9238
322.99	-2.9881	3.2628
323.99	-1.8356	3.641
324.99	-1.0309	4.0772
325.99	0.098322	4.0009
326.99	0.6582	3.2229
327.99	1.4471	2.4073
329	2.3526	1.2174
330	3.2594	-0.070097
331	3.2803	-1.0592
332	3.298	-1.2802
333	3.5136	-0.32476
334	3.4718	0.73392
335	3.1718	1.7485
336	2.6361	2.6165
337	1.8975	3.3473
338	1.0313	3.8321
339.01	0.37982	4.0529
340.01	-0.56918	4.1666
341.01	-1.3702	4.0972
342.01	-2.0124	3.9033
343.01	-2.8366	3.4647
344.01	-3.4288	2.9903
345.01	-3.6243	2.7948
346.01	-3.9655	2.3458
347.01	-4.3663	1.5798
348.01	-4.5948	0.72772
349.01	-4.6345	-0.28816
349.98	-4.5832	-0.66202
350.98	-4.4514	-1.1771
351.99	-4.1704	-1.8621
352.99	-3.8604	-2.3717
353.99	-3.4028	-2.893
354.99	-2.605	-3.4898
355.99	-1.6432	-3.8734
356.99	-1.0305	-4.0151
357.99	-0.12991	-4.0154
358.99	0.80774	-3.8027
359.99	1.6565	-3.3963
360.99	2.4212	-2.7435
362	2.9819	-2.0045
363	3.3524	-1.1094
364	3.5168	-0.24887
365	3.4718	0.73531
366	3.1659	1.746
367	2.6796	2.5708
368	1.9968	3.256
369	1.4301	3.6393
370	0.53751	4.0068
371	-0.28998	4.1632
372.01	0.033487	3.8808
373.01	0.051257	3.8637
374.01	0.19626	3.2862
375.01	-0.3289	4.1189
376.01	0.27723	4.0779
377.01	0.60694	3.9801
378.01	0.96746	2.9993
379.01	1.3493	1.5331
380.01	0.22993	0.47273
381.01	-1.5205	1.7113
382.01	-2.7086	2.1016
382.98	-2.5784	0.30281
383.98	-4.2918	-1.3164
384.98	-4.5692	-0.081263
385.99	-4.5819	0.67733
386.99	-4.3555	1.564
387.99	-3.8267	2.5236
388.99	-2.9434	3.4055
389.99	-2.3396	3.7686
390.99	-1.183	4.1297
391.99	-0.27357	4.1555
392.99	0.26908	4.0739
393.99	1.2963	3.7064
394.99	2.0447	3.2189
396	2.906	2.2394
397	3.3174	1.3764
398	3.5162	0.3475
399	3.47	-0.63257
400	3.2296	-1.4958
401	2.872	-2.1826
402	2.3196	-2.8595
403	1.8215	-3.2604
404	1.8132	-3.2637
405.01	1.8199	-3.2752
406.01	2.0717	-3.0879
407.01	2.5173	-2.6498
408.01	2.82	-2.2819
409.01	2.9016	-1.9053
410.01	2.4423	-1.9194
411.01	2.4511	-1.9965
412.01	2.4422	-2.0123
413.01	2.1958	-2.0661
414.01	2.8862	-2.1687
415.01	2.811	-2.2731
415.98	2.2766	-2.8962
416.98	1.4047	-3.5403
417.98	0.22643	-3.9586
418.99	-0.96088	-4.0147
419.99	-1.8998	-3.8018
420.99	-2.9112	-3.2886
421.99	-3.6875	-2.5776
422.99	-4.1972	-1.8181
423.99	-4.5832	-0.62901
424.99	-4.6262	0.53502
425.99	-4.5575	0.9279
426.99	-4.4682	1.2394
427.99	-4.502	1.1655
429	-4.2712	1.7948
430	-3.9822	2.3056
431	-3.5362	2.8782
432	-2.8263	3.4875
433	-1.7061	4.0052
434	-0.66619	4.1657
435	0.42969	4.0387
436	0.88958	3.9019
437	0.11889	4.1148
438	-0.86323	4.1633
439.01	-0.98137	4.1711
440.01	-0.38631	4.1651
441.01	0.40595	4.0515
442.01	1.1103	3.8077
443.01	1.7958	3.4272
444.01	2.476	2.8146
445.01	3.0361	2.0357
446.01	3.3247	1.3205
447.01	3.5162	0.34142
448.01	3.5169	-0.29761
449.01	3.3486	-1.1252
449.98	3.0559	-1.8722
450.98	2.4806	-2.6949
451.99	1.6031	-3.4217
452.99	0.76625	-3.829
453.99	-0.052734	-4.0108
454.99	-0.80498	-4.0301
455.99	-0.63943	-3.6245
456.99	0.10916	-2.3278
457.99	0.89165	-1.435
458.99	0.77799	-0.34777
459.99	-0.77124	-0.15086
460.99	-1.8679	0.66243
462	-3.4599	0.74878
463	-4.6126	0.022366
464	-4.4533	-1.056
465	-3.9687	-2.155
466	-3.0334	-3.1166
467	-2.0747	-3.701
468	-1.5001	-3.8854
469	-0.79879	-4.0064
470	0.059669	-3.9492
471	0.69969	-3.7933
472.01	0.91049	-3.7217
473.01	2.3894	-2.7147
474.01	3.2604	-1.3216
475.01	3.5073	-0.43789
476.01	3.4477	0.85267
477.01	3.1774	1.7348
478.01	2.7239	2.4985
479.01	2.0746	3.2002
480.01	1.2195	3.7475
481.01	0.25307	4.0945
482.01	-0.53129	4.1633
482.98	-1.2695	4.1161
483.98	-1.7419	3.9927
484.98	-1.7467	3.9915
485.99	-1.7473	3.9935
486.99	-1.7806	3.9887
487.99	-1.7393	3.9945
488.99	-1.7362	3.9813
489.99	-1.7032	4.0066
490.99	-1.7256	4.0027
491.99	-1.7301	4
492.99	-1.8471	3.9674
493.99	-2.1846	3.8327
494.99	-2.7777	3.5271
496	-3.4194	2.9961
497	-3.8928	2.4321
498	-4.2594	1.8203
499	-4.5502	0.92117
500	-4.644	0.0049406
501	-4.578	-0.64442
502	-4.6283	-0.3748
503	-4.6432	0.27289
504	-4.6093	0.31649
505.01	-4.3708	-1.0389
506.01	-3.5695	-2.1072
507.01	-2.773	-3.2923
508.01	-1.6842	-3.8221
509.01	-0.41505	-3.8744
510.01	0.70185	-3.8251
511.01	1.1836	-3.6475
512.01	1.9513	-3.1862
513.01	2.5814	-2.5846
514.01	3.0394	-1.8952
515.01	3.3584	-1.1035
515.98	3.5132	-0.28736
516.98	3.4893	0.62528
517.98	3.2754	1.4666
518.99	2.9079	2.2465
519.99	2.3376	2.9591
520.99	1.8938	3.3452
521.99	1.2239	3.7553
522.99	0.44844	4.0287
523.99	-0.36999	4.1643
524.99	-0.82038	4.173
525.99	-1.2744	4.1243
526.99	-1.954	3.9349
527.99	-2.6221	3.6052
529	-3.1506	3.2384
530	-3.5745	2.8476
531	-3.8951	2.4435
532	-4.2677	1.8151
533	-4.5217	1.0694
534	-4.649	0.26165
535	-4.6024	-0.51581
536	-4.6082	-0.47259
537	-4.6412	-0.12403
538	-4.6197	0.50041
539.01	-4.4949	1.1501
540.01	-4.294	1.6648
541.01	-3.6759	1.4852
542.01	-3.6833	1.4959
543.01	-3.6905	1.4979
544.01	-3.6841	1.4863
545.01	-3.6908	1.4964
546.01	-3.6849	1.4949
547.01	-3.6751	1.4805
548.01	-3.685	1.4928
549.01	-3.6937	1.4842
549.98	-3.6803	1.4533
550.98	-3.6778	1.4242
551.99	-3.678	1.4186
552.99	-3.0309	1.2581
553.99	-3.0116	0.08953
554.99	-1.6006	-1.6079
555.99	-0.23361	0.036678
556.99	0.81718	0.75857
557.99	2.9773	1.6139
558.99	2.7829	2.4117
559.99	2.3124	2.9878
560.99	1.7528	3.449
562	1.5164	3.5673
563	2.0628	2.8689
564	2.7074	2.1201
565	3.2432	0.68676
566	3.4796	-0.034592
567	3.2019	-1.3306
568	2.6158	-2.3887
569	1.9308	-3.0754
570	0.96922	-3.7099
571	1.3197	-3.5652
572.01	2.1073	-3.0166
573.01	2.7974	-2.2001
574.01	3.2646	-1.2626
575.01	3.3002	-0.16201
576.01	3.4465	0.68917
577.01	3.0711	1.73
578.01	2.5457	2.6676
579.01	1.6069	3.4429
580.01	0.88648	3.8411
581.01	-0.43137	4.0728
582.01	-0.44227	4.0814
582.98	-0.44443	4.0799
583.98	-0.4601	4.0791
584.98	-0.46028	4.0382
585.99	-0.46905	4.0267
586.99	-0.61489	3.6284
587.99	-0.53591	3.5369
588.99	-0.16318	3.8028
589.99	0.85419	3.8884
590.99	1.5145	3.0816
591.99	1.8255	2.0437
592.99	3.2621	1.4856
593.99	3.2552	1.5564
594.99	3.0205	2.0083
596	2.72	2.4883
597	2.3262	2.9724
598	1.8382	3.3788
599	1.2448	3.7485
