0	-3.7653	-2.3504
1.001	-1.291	-1.3178
2.002	0.61338	-1.5366
3.003	1.3768	-1.0982
4.004	-0.29475	-2.3776
5.005	NaN	NaN
6.006	2.2826	-3.4391
7.007	2.2456	-3.163
8.008	2.5151	-1.6076
9.009	3.1468	-0.376
10.01	3.7172	0.30579
11.011	3.6124	-0.26404
12.012	3.4681	-1.7004
13.013	2.3116	-3.2179
14.014	1.3472	-3.8889
15.015	0.82154	-3.231
16.016	-0.56312	-4.1767
16.983	0.43585	-4.303
17.984	1.7186	-3.8019
18.985	2.8763	-2.7808
19.986	3.2951	-2.215
20.987	3.1635	-2.3225
21.988	1.8825	-2.7425
22.989	0.45868	-2.6457
23.99	-0.76727	-3.2841
24.991	-0.71542	-4.2981
25.992	-0.48619	-4.4063
26.993	-1.2839	-4.2847
27.994	-2.3786	-3.8599
28.995	-3.2498	-3.145
29.996	-3.6503	-2.5615
30.997	-3.7175	-1.2705
31.998	-2.9523	-0.39206
32.999	-2.3433	-1.7085
34	-1.9112	-2.9336
35.001	-2.2471	-3.8205
36.002	-2.2361	-3.7937
37.003	-2.3121	-3.8323
38.004	-2.8944	-3.4776
39.005	-1.7864	-3.4206
40.006	-0.7583	-4.3416
41.007	-0.76309	-4.3847
42.008	0.094418	-4.3759
43.009	1.0727	-4.1496
44.01	1.5293	-3.9653
45.011	0.99646	-3.6286
46.012	-0.15253	-2.7411
47.013	-1.7688	-2.7053
48.014	-2.8094	-2.9336
49.015	-2.292	-3.8399
50.016	-1.3283	-4.1472
50.984	-0.5339	-4.3873
51.985	-0.43378	-4.0365
52.986	-0.44884	-4.0521
53.987	-0.61216	-3.7471
54.988	-0.96514	-4.1759
55.989	-2.1978	-3.6886
56.99	-3.304	-2.6918
57.991	-3.5908	-1.0919
58.992	-2.5872	-0.19388
59.993	-2.9607	1.1958
60.994	-2.4345	2.5585
61.995	-1.6896	3.3036
62.996	-1.6896	3.3041
63.997	-1.6992	3.3237
64.998	-1.6911	3.3246
65.999	-1.6637	3.3266
67	-1.6689	3.3126
68.001	-1.5207	3.4612
69.002	-1.1662	3.545
70.003	-0.13266	3.0119
71.004	1.0153	3.3326
72.005	1.1276	3.5269
73.006	1.3175	3.4768
74.007	2.0316	3.0918
75.008	2.9411	2.1954
76.009	3.5163	1.1414
77.01	3.6605	0.64024
78.011	3.7637	-0.49535
79.012	3.7273	-0.918
80.013	3.7555	-0.64024
81.014	3.7459	0.13378
82.015	3.5729	0.92596
83.016	3.249	1.6245
83.983	2.8295	2.3233
84.984	2.4463	2.7234
85.985	2.1673	2.9411
86.986	1.2599	3.4964
87.987	0.14254	3.8019
88.988	-1.0016	3.7637
89.989	-1.7497	3.5465
90.99	-1.6263	3.4482
91.991	-0.86922	2.83
92.992	-0.4109	1.9876
93.993	-0.77459	0.89881
94.994	-0.6812	0.060744
95.995	-0.68836	-8.7749e-005
96.996	-0.68869	-0.027535
97.997	-0.6956	-0.021559
98.998	-0.69577	-0.038998
100	-0.66782	0.027871
101	-0.65973	-0.027954
102	-0.66025	-0.047349
103	-0.66193	-0.035847
104	-0.65986	-0.0090455
105.01	-0.66669	-0.03889
106.01	-0.74536	-0.43957
107.01	-0.63216	-1.5658
108.01	-1.0244	-2.2145
109.01	-1.2332	-3.0285
110.01	-1.1344	-3.838
111.01	-0.93727	-4.2818
112.01	-0.2389	-4.4244
113.01	0.18291	-4.3776
114.01	1.2423	-4.0899
114.98	2.2079	-3.5164
115.98	2.8001	-2.9522
116.98	3.3637	-2.0545
117.98	3.6998	-1.0129
118.99	3.7674	-0.42821
119.99	3.7746	-0.44913
120.99	3.7763	-0.49558
121.99	3.4118	-0.11494
122.99	3.6809	-0.55166
123.99	3.0487	-1.5578
124.99	1.988	-1.7293
125.99	0.64003	-1.6052
126.99	-0.39174	-0.75388
127.99	-1.0506	0.30596
129	-2.0252	1.1019
130	-3.2592	1.8813
131	-3.3073	2.0046
132	-3.3047	1.9799
133	-3.2972	1.9882
134	-3.2968	1.9398
135	-3.9286	1.4635
136	-3.9543	1.412
137	-3.4964	0.74666
138	-3.5461	-0.49572
139.01	-3.7549	-1.52
140.01	-3.9302	-1.6213
141.01	-3.931	-1.6307
142.01	-3.937	-1.6341
143.01	-3.9269	-1.6054
144.01	-3.9366	-1.6242
145.01	-3.9243	-1.6295
146.01	-3.937	-1.6532
147.01	-3.9761	-1.6519
148.01	-3.9352	-1.6073
149.01	-3.9551	-1.6056
149.98	-3.9764	-1.6518
150.98	-3.9656	-1.6241
151.99	-3.9666	-1.6231
152.99	-3.9446	-1.6269
153.99	-3.9653	-1.6534
154.99	-3.9852	-1.6426
155.99	-3.9737	-1.6257
156.99	-4.0421	-1.6914
157.99	-4.0631	-1.6997
158.99	-4.091	-1.7575
159.99	-4.091	-1.776
160.99	-4.0909	-1.7392
162	-4.0902	-1.7487
163	-4.0905	-1.7382
164	-4.0892	-1.7591
165	-4.0912	-1.7675
166	-4.0901	-1.7675
167	-3.0783	-3.2505
168	-3.2479	-3.1531
169	-3.6319	-2.6949
170	-4.0244	-2.024
171	-3.668	-2.2153
172.01	-3.0539	-3.2256
173.01	-2.053	-3.8589
174.01	-1.4625	-4.2335
175.01	-1.6133	-4.041
176.01	-1.5861	-2.8005
177.01	-0.80564	-1.7565
178.01	0.76447	-1.6341
179.01	1.6054	-2.5801
180.01	2.3683	-3.2293
181.01	3.1533	-2.2171
182.01	3.4486	-1.9196
182.98	3.6416	-1.3486
183.98	3.7257	-0.5746
184.98	3.7478	0.11674
185.99	3.5938	0.88091
186.99	3.2094	1.7761
187.99	2.6367	2.5412
188.99	1.7402	3.2497
189.99	1.032	3.5643
190.99	0.1342	3.7748
191.99	-0.42096	3.7945
192.99	-1.1677	3.7287
193.99	-1.883	3.4979
194.99	-2.9156	2.8669
196	-3.6798	2.0072
197	-3.9249	1.6411
198	-4.2318	0.91557
199	-4.3663	0.24965
200	-4.3203	-1.1194
201	-4.0446	-1.9522
202	-3.7644	-2.4935
203	-3.7356	-2.4954
204	-3.2299	-2.2839
205.01	-2.2728	-2.0084
206.01	-1.4855	-1.5806
207.01	-0.58876	-2.1851
208.01	0.093962	-3.0406
209.01	0.90822	-3.1251
210.01	1.0113	-3.0465
211.01	0.99201	-3.0367
212.01	0.98591	-3.0211
213.01	1.0126	-3.0017
214.01	0.98336	-3.0191
215.01	1.0607	-2.991
215.98	1.6736	-2.258
216.98	2.6582	-1.2917
217.98	3.5876	-0.54827
218.99	3.6599	0.3249
219.99	3.4125	1.2338
220.99	3.0197	2.0258
221.99	2.9988	2.0715
222.99	2.9975	2.0603
223.99	2.8272	2.3206
224.99	2.2569	2.8768
225.99	1.934	2.8256
226.99	0.68087	3.0882
227.99	0.12423	3.3923
229	-0.94603	2.5227
230	-1.9974	3.0766
231	-2.215	3.2219
232	-1.7772	2.8098
233	-1.8447	1.4821
234	-3.4688	0.6498
235	-3.9981	0.70292
236	-4.1568	0.96514
237	-4.1472	1.1485
238	-4.0105	1.4883
239.01	-3.3904	2.4063
240.01	-2.5992	3.1057
241.01	-1.472	3.6028
242.01	-0.5359	3.7931
243.01	0.25845	3.7847
244.01	1.0713	3.5652
245.01	2.4842	2.6742
246.01	3.3144	1.5845
247.01	3.6992	0.34278
248.01	3.7551	0.057417
249.01	3.7464	0.06645
249.98	3.7549	0.057632
250.98	3.7368	0.037534
251.99	3.7495	-0.13749
252.99	3.6984	-0.98515
253.99	3.4863	-1.8233
254.99	3.2874	-2.2359
255.99	2.6913	-3.0737
256.99	1.8921	-3.7459
257.99	1.4616	-3.9844
258.99	0.42114	-3.7738
259.99	-0.010386	-2.4093
260.99	0.55536	-0.71792
262	1.0047	0.92598
263	2.2174	1.6529
264	3.3627	1.4613
265	3.4592	1.2709
266	3.4592	1.2717
267	3.4497	1.3092
268	3.4497	1.3187
269	3.4596	1.2904
270	3.4592	1.29
271	3.4592	1.2893
272.01	3.4592	1.3092
273.01	NaN	NaN
274.01	3.4501	1.3087
275.01	3.4504	1.3078
276.01	3.4588	1.2904
277.01	3.4592	1.2518
278.01	3.478	1.2426
279.01	3.565	0.95559
280.01	3.5452	1.0607
281.01	3.4964	1.2315
282.01	3.3474	1.532
282.98	3.1847	1.8376
283.98	3.1248	1.9398
284.98	3.1811	1.8622
285.99	3.2765	1.6711
286.99	3.4688	1.2518
287.99	3.6599	0.68802
288.99	3.6785	0.66003
289.99	3.7581	0.083195
290.99	3.774	-0.23857
291.99	3.6314	-1.2999
292.99	3.5445	-1.3559
293.99	3.2015	-1.2603
294.99	1.6504	-0.66273
296	0.10294	0.26592
297	-1.7101	0.46794
298	-3.3441	0.4303
299	-4.0505	1.0333
300	-4.0402	0.99551
301	-4.0424	0.99325
302	-4.0477	1.0169
303	-4.0509	1.0331
304	-4.0614	1.0413
305.01	-4.0633	1.0389
306.01	-4.0503	0.99514
307.01	-4.0534	1.0008
308.01	-3.7378	1.1082
309.01	-3.019	1.2498
310.01	-1.4463	2.0289
311.01	0.0098718	3.2485
312.01	0.261	3.6947
313.01	0.27652	3.698
314.01	0.35342	3.7468
315.01	0.49649	3.736
315.98	0.39991	3.7657
316.98	0.11467	3.8128
317.98	-0.11547	3.7948
318.99	-0.085947	3.8025
319.99	-0.096623	3.8135
320.99	-0.085241	3.8313
321.99	-0.096661	3.8227
322.99	-0.076447	3.8128
323.99	-0.10252	3.801
324.99	-0.10283	3.8098
325.99	-0.10417	3.8115
326.99	-0.11395	3.8222
327.99	-0.1547	3.8144
329	-0.11467	3.8128
330	0.017441	3.8016
331	0.16228	3.7925
332	0.61008	3.7233
333	1.0119	3.6013
334	1.6073	3.3267
335	1.9795	3.0969
336	NaN	NaN
337	2.5417	1.8922
338	2.5142	1.9122
339.01	2.4941	1.9193
340.01	2.4857	1.92
341.01	2.4937	1.9019
342.01	2.4559	1.9
343.01	2.4554	1.9014
344.01	2.4463	1.9398
345.01	2.4493	1.929
346.01	2.4367	1.9207
347.01	2.4463	1.9202
348.01	2.4463	1.8991
349.01	2.4559	1.9011
349.98	2.4565	1.9236
350.98	2.427	1.9687
351.99	2.2258	2.7915
352.99	1.9685	3.0791
353.99	NaN	NaN
354.99	1.9558	3.1501
355.99	1.9673	3.1234
356.99	1.9697	3.0974
357.99	1.9614	3.0983
358.99	1.9706	3.0985
359.99	1.9675	3.1237
360.99	1.9675	3.1237
362	1.9682	3.08
363	1.9682	3.0678
364	1.9866	3.0671
365	1.9961	3.076
366	1.9872	3.1053
367	1.9787	3.0873
368	2.0075	3.0777
369	2.0067	3.0388
370	2.0258	3.0005
371	2.0163	3.0388
372.01	2.0545	3.0483
373.01	2.0641	3.0311
374.01	2.0909	3.0206
375.01	2.0832	3.0292
376.01	2.0736	3.0388
377.01	2.0912	3.047
378.01	2.0912	3.047
379.01	2.091	3.0226
380.01	2.0747	3.0213
381.01	2.0832	3.038
382.01	2.0744	3.0394
382.98	2.0736	3.0197
383.98	2.1009	3.0373
384.98	2.1787	2.9814
385.99	2.1879	2.9715
386.99	2.1982	2.9443
387.99	2.2262	2.9334
388.99	2.3766	2.8339
389.99	2.3788	2.8179
390.99	2.9242	2.2166
391.99	3.5246	1.0873
392.99	3.7555	-0.11467
393.99	3.7668	-0.49915
394.99	3.7647	-0.67837
396	3.574	-1.5395
397	3.0299	-2.6378
398	2.3187	-3.4827
399	1.1729	-4.1071
400	0.68802	-4.2428
401	0.076053	-4.3003
402	-0.9659	-4.2147
403	-1.7701	-3.6702
404	-2.3576	-2.4057
405.01	-3.5126	-1.0758
406.01	-4.1055	0.28296
407.01	-3.2872	1.4429
408.01	-2.8892	2.1761
409.01	-2.876	2.1505
410.01	-2.8763	2.1787
411.01	-2.883	2.1799
412.01	-2.8761	2.1592
413.01	-2.8278	2.1015
414.01	-2.433	2.023
415.01	-0.8315	1.2512
415.98	1.288	0.69421
416.98	3.4069	1.1818
417.98	3.5746	0.95633
418.99	3.5831	0.95517
419.99	3.5834	0.95559
420.99	3.564	0.95461
421.99	3.5668	0.93871
422.99	3.563	0.97145
423.99	3.5729	0.96407
424.99	3.5729	0.96407
425.99	3.5632	0.95462
426.99	3.5474	0.92919
427.99	3.5467	0.9378
429	3.5462	0.95456
430	3.5618	0.96322
431	3.5619	0.95335
432	3.5469	0.92779
433	3.5477	0.93871
434	3.5462	0.95456
435	3.5449	0.96484
436	3.5619	0.95335
437	3.5457	0.94607
438	3.5463	0.93745
439.01	3.5469	0.9469
440.01	3.5529	0.964
441.01	3.5643	0.95559
442.01	3.5443	0.94444
443.01	3.546	0.93709
444.01	3.5467	0.9378
445.01	3.5521	0.96312
446.01	3.5539	0.96477
447.01	3.5537	0.95454
448.01	3.593	0.88794
449.01	3.6121	0.84972
449.98	3.6523	0.72509
450.98	3.6981	0.51602
451.99	3.7183	0.44797
452.99	3.7555	0.27712
453.99	3.7634	0.11634
454.99	3.766	-0.058582
455.99	3.7825	-0.26618
456.99	3.7762	-0.48965
457.99	3.7253	-0.97311
458.99	3.7363	-1.0034
459.99	3.7277	-0.99284
460.99	3.7363	-1.0225
462	3.7367	-1.0316
463	3.7279	-1.031
464	3.7363	-1.0225
465	3.7268	-1.0034
466	3.7272	-1.003
467	3.7278	-1.0119
468	3.7363	-1.0225
469	3.7268	-1.032
470	3.7275	-1.0314
471	3.7271	-1.0221
472.01	3.7275	-1.0122
473.01	3.7275	-1.0122
474.01	3.7268	-1.0225
475.01	3.7268	-1.032
476.01	3.7268	-1.0129
477.01	3.7268	-1.0026
478.01	3.7271	-0.99342
479.01	3.7272	-1.0221
480.01	3.7268	-1.0225
481.01	3.7272	-1.003
482.01	3.7253	-0.9955
482.98	3.7264	-1.0037
483.98	3.7261	-0.98494
484.98	3.7272	-1.0221
485.99	3.7272	-1.0221
486.99	3.7265	-1.0229
487.99	3.7268	-1.0034
488.99	3.7268	-1.0034
489.99	3.7253	-0.9955
490.99	3.7264	-1.0229
491.99	3.7167	-1.0238
492.99	3.7172	-1.0034
493.99	3.7081	-1.003
494.99	3.2954	-0.80314
496	3.2954	-0.82307
497	3.2777	-0.81225
498	3.2743	-0.78671
499	3.2662	-0.76637
500	3.2664	-0.78518
501	3.2844	-0.80523
502	3.2741	-0.79688
503	3.2671	-0.81346
504	3.2747	-0.79648
505.01	3.2761	-0.77536
506.01	3.2681	-0.78356
507.01	3.2781	-0.82121
508.01	3.2738	-0.7876
509.01	3.2761	-0.7845
510.01	3.2754	-0.77617
511.01	3.2657	-0.78605
512.01	3.2742	-0.79702
513.01	3.2788	-0.81096
514.01	3.2654	-0.76717
515.01	3.27	-0.78158
515.98	3.2879	-0.81126
516.98	3.2848	-0.78553
517.98	3.2853	-0.80359
518.99	3.2747	-0.79627
519.99	3.2789	-0.81097
520.99	3.3037	-0.81463
521.99	3.2897	-0.79962
522.99	3.2953	-0.82323
523.99	3.2962	-0.83182
524.99	3.3062	-0.83126
525.99	3.2947	-0.79549
526.99	3.2972	-0.80164
527.99	3.3057	-0.8317
529	3.2947	-0.82381
530	3.2968	-0.81225
531	3.2887	-0.79145
532	3.287	-0.80295
533	3.2962	-0.82243
534	3.2961	-0.82219
535	3.2955	-0.81342
536	3.2887	-0.79145
537	3.2891	-0.80062
538	3.298	-0.83008
539.01	3.2958	-0.82256
540.01	3.2952	-0.81378
541.01	3.2879	-0.80139
542.01	3.2852	-0.80514
543.01	3.2968	-0.83136
544.01	3.2955	-0.81353
545.01	3.2958	-0.7938
546.01	3.2953	-0.80424
547.01	3.2886	-0.82049
548.01	3.2968	-0.81225
549.01	3.2861	-0.79402
549.98	3.2874	-0.83106
550.98	3.2902	-0.82813
551.99	3.2974	-0.831
552.99	3.2422	-0.89172
553.99	3.1048	-1.1079
554.99	2.3601	-1.5852
555.99	1.9419	-2.3053
556.99	1.9007	-3.5632
557.99	1.895	-3.5132
558.99	1.8923	-3.5353
559.99	1.8915	-3.5361
560.99	1.8935	-3.5626
562	1.891	-3.5271
563	1.8939	-3.5334
564	1.8928	-3.5346
565	1.8919	-3.5457
566	1.8946	-3.5614
567	1.8926	-3.5256
568	1.8959	-3.5316
569	1.9011	-3.5363
570	1.9013	-3.5455
571	1.9696	-3.6113
572.01	1.9609	-3.5812
573.01	1.9506	-3.592
574.01	1.9592	-3.6123
575.01	1.96	-3.5821
576.01	1.9515	-3.5717
577.01	1.9588	-3.5833
578.01	1.9577	-3.5842
579.01	1.9601	-3.6013
580.01	1.9603	-3.5913
581.01	1.969	-3.5924
582.01	1.9697	-3.6012
582.98	1.9777	-3.6113
583.98	1.9685	-3.5834
584.98	1.9774	-3.6032
585.99	1.996	-3.6321
586.99	1.9936	-3.6158
587.99	1.9987	-3.6193
588.99	1.9795	-3.601
589.99	1.9884	-3.64
590.99	1.9883	-3.6214
591.99	1.9887	-3.6301
592.99	2.0047	-3.633
593.99	1.9989	-3.6102
594.99	1.9781	-3.6026
596	1.9966	-3.6418
597	1.9962	-3.6323
598	1.9957	-3.6231
598.97	1.998	-3.6302
