0	2.1138	-0.91578
1.001	2.1305	-0.88893
2.002	2.3714	-1.1448
3.003	2.4067	-1.3192
4.004	2.3237	-1.4253
5.005	2.3211	-1.4609
6.006	2.3885	-2.045
7.007	2.2265	-2.0275
8.008	2.0724	-2.0728
9.009	1.4726	-2.3902
10.01	1.4804	-2.3658
11.011	1.4746	-2.3826
12.012	1.4084	-2.4018
13.013	0.84789	-2.6644
14.014	0.83979	-2.6932
15.015	0.84092	-2.6852
16.016	0.82016	-2.6928
16.983	0.33386	-2.2174
17.984	0.40188	-2.1799
18.985	0.43162	-2.1435
19.986	0.44899	-2.103
20.987	0.43999	-2.1029
21.988	0.4813	-2.0686
22.989	0.48922	-2.1042
23.99	0.47894	-2.1134
24.991	0.48581	-2.101
25.992	0.497	-2.074
26.993	0.48587	-2.0918
27.994	0.49778	-2.094
28.995	0.47867	-2.1131
29.996	0.49848	-2.0754
30.997	0.49582	-2.0731
31.998	0.50075	-2.0688
32.999	0.51891	-2.0763
34	0.53523	-2.0644
35.001	0.53813	-2.0288
36.002	0.5248	-1.2227
37.003	0.90582	-1.088
38.004	0.87707	-1.0974
39.005	0.86924	-1.0893
40.006	0.89465	-1.0665
41.007	0.87863	-1.0697
42.008	0.87	-1.0801
43.009	0.8871	-1.0878
44.01	0.86839	-1.0981
45.011	0.89562	-1.067
46.012	0.87095	-1.0711
47.013	0.94711	-1.0236
48.014	1.2858	-0.28284
49.015	1.6072	-0.49496
50.016	2.5412	-0.81274
50.984	3.3004	-1.3531
51.985	3.3908	-1.5499
52.986	3.3837	-1.5466
53.987	3.3826	-1.5388
54.988	3.3824	-1.5391
55.989	3.3809	-1.5589
56.99	3.3807	-1.5691
57.991	3.3843	-1.5464
58.992	3.3822	-1.5395
59.993	3.3811	-1.5501
60.994	3.3831	-1.5576
61.995	3.381	-1.5307
62.996	3.3828	-1.538
63.997	3.3817	-1.5583
64.998	3.3812	-1.5588
65.999	3.3826	-1.549
67	3.461	-1.6026
68.001	3.1406	-2.3669
69.002	2.6464	-2.6852
70.003	2.2875	-3.3764
71.004	2.181	-3.4708
72.005	1.2513	-3.4778
73.006	0.2389	-4.0326
74.007	0.24967	-4.0222
75.008	0.27788	-4.0518
76.009	0.24757	-4.0241
77.01	0.28591	-4.0238
78.011	0.27513	-4.0156
79.012	0.27431	-4.0367
80.013	0.29595	-4.0523
81.014	0.27926	-4.0507
82.015	0.25768	-4.0236
83.016	0.26724	-4.0236
83.983	0.26821	-4.023
84.984	0.28627	-4.0525
85.985	0.26794	-4.0228
86.986	0.26794	-4.0228
87.987	0.27763	-4.0226
88.988	0.2477	-4.005
89.989	0.29671	-4.0517
90.99	0.28817	-4.0507
91.991	0.25706	-4.0243
92.992	0.28668	-4.023
93.993	0.24677	-4.0061
94.994	0.28533	-4.0531
95.995	0.27901	-4.0504
96.996	0.26588	-4.0252
97.997	0.28668	-4.023
98.998	0.27513	-4.0156
100	0.29555	-4.0528
101	0.27647	-4.053
102	0.2655	-4.0254
103	0.28435	-4.0254
104	0.27679	-4.0236
105.01	0.27369	-4.0351
106.01	0.29626	-4.0517
107.01	0.28728	-4.0517
108.01	0.27931	-4.0509
109.01	0.28532	-4.0243
110.01	0.2668	-4.0144
111.01	0.29013	-4.0487
112.01	0.28485	-4.0538
113.01	0.27752	-4.0426
114.01	0.25712	-4.0242
114.98	0.27195	-4.0389
115.98	0.26966	-4.0413
116.98	0.27719	-4.0521
117.98	0.26625	-4.0243
118.99	0.27642	-4.0234
119.99	0.27266	-4.0377
120.99	0.29626	-4.0517
121.99	0.28606	-4.0531
122.99	0.24794	-4.0239
123.99	0.28532	-4.0243
124.99	0.25774	-4.014
125.99	0.28533	-4.0531
126.99	0.27859	-4.051
127.99	0.2655	-4.0254
129	0.26667	-4.0241
130	0.27712	-4.023
131	0.26783	-4.0231
132	0.29671	-4.0517
133	0.28485	-4.0538
134	0.2706	-4.0492
135	0.26607	-4.0246
136	0.2769	-4.0233
137	0.26782	-4.0143
138	0.25922	-4.013
139.01	0.29542	-4.0524
140.01	0.27039	-4.0498
141.01	0.26717	-4.0236
142.01	0.26899	-4.0309
143.01	0.28479	-4.0538
144.01	0.27708	-4.0514
145.01	0.28541	-4.0243
146.01	0.27497	-4.0249
147.01	0.29601	-4.0523
148.01	0.28489	-4.0539
149.01	0.25632	-4.0251
149.98	0.28606	-4.0525
150.98	0.24604	-4.0746
151.99	-0.19038	-4.377
152.99	-0.88912	-4.2521
153.99	-1.3191	-4.1472
154.99	-1.9487	-3.6043
155.99	-2.4267	-3.6664
156.99	-2.5118	-3.3806
157.99	-3.1443	-3.125
158.99	-3.1254	-3.1164
159.99	-3.0865	-3.1248
160.99	-3.0878	-3.126
162	-3.1062	-3.1256
163	-3.116	-3.1257
164	-3.0951	-3.133
165	-3.1186	-3.0991
166	-3.0999	-3.1101
167	-3.0972	-3.1262
168	-3.0945	-3.1426
169	-3.085	-3.1424
170	-3.118	-3.1077
171	-3.1122	-3.1029
172.01	-3.0954	-3.1244
173.01	-3.1066	-3.1258
174.01	-3.1246	-3.1249
175.01	-3.1079	-3.1273
176.01	-3.1276	-3.0985
177.01	-3.1196	-3.1006
178.01	-3.095	-3.1237
179.01	-3.1066	-3.1258
180.01	-3.0975	-3.1363
181.01	-3.0783	-3.1452
182.01	-3.1186	-3.0991
182.98	-3.0968	-3.1442
183.98	-3.1297	-3.101
184.98	-3.1174	-3.0984
185.99	-3.1045	-3.1238
186.99	-3.1057	-3.1248
187.99	-3.1053	-3.1246
188.99	-3.1152	-3.1248
189.99	-3.1037	-3.1328
190.99	-3.1154	-3.1159
191.99	-3.1272	-3.0983
192.99	-3.1184	-3.0992
193.99	-3.0873	-3.1255
194.99	-3.1244	-3.1246
196	-3.0853	-3.1423
197	-3.1068	-3.1264
198	-3.1238	-3.1149
199	-3.1283	-3.0993
200	-3.1109	-3.1018
201	-3.107	-3.126
202	-3.1055	-3.1344
203	-3.0945	-3.1426
204	-3.1282	-3.0992
205.01	-3.1186	-3.0991
206.01	-3.0858	-3.124
207.01	-3.1156	-3.1253
208.01	-3.0945	-3.1419
209.01	-3.0956	-3.1338
210.01	-3.116	-3.1168
211.01	-3.119	-3.1018
212.01	-3.0943	-3.1228
213.01	-3.1161	-3.1258
214.01	-3.0942	-3.142
215.01	-3.0781	-3.1346
215.98	-3.0955	-3.1243
216.98	-3.1234	-3.1334
217.98	-3.0873	-3.1348
218.99	-3.0872	-3.1344
219.99	-3.1156	-3.1165
220.99	-3.1111	-3.1021
221.99	-3.1049	-3.1148
222.99	-3.0957	-3.1246
223.99	-3.1158	-3.1259
224.99	-3.098	-3.1357
225.99	-3.4601	-2.8864
226.99	-3.7866	-2.2001
227.99	-4.2325	-1.252
229	-4.2627	-1.2051
230	-4.2428	-1.2518
231	-4.338	-0.70705
232	-4.3143	0.26165
233	-4.1966	0.76566
234	-3.6662	2.0029
235	-3.4964	2.2552
236	-2.8682	2.2369
237	-1.4709	2.5035
238	-1.135	3.6674
239.01	-0.59325	3.6212
240.01	0.50516	3.5655
241.01	1.3483	3.3446
242.01	2.1799	2.323
243.01	2.8375	1.5854
244.01	NaN	NaN
245.01	3.2487	0.72602
246.01	3.2501	0.7278
247.01	3.2496	0.70799
248.01	3.2501	0.69977
249.01	3.2568	0.71498
249.98	3.2492	0.7266
250.98	3.2505	0.69963
251.99	3.2574	0.70645
252.99	3.3058	0.72537
253.99	3.6874	-0.03006
254.99	3.6911	0.074693
255.99	3.7033	0.043323
256.99	3.6974	0.056136
257.99	3.6974	0.056136
258.99	3.6976	0.066116
259.99	3.6971	0.075667
260.99	3.6973	0.065698
262	3.7042	0.063593
263	3.7035	0.062438
264	3.6968	0.045906
265	3.6974	0.056136
266	3.6981	0.057335
267	3.6979	0.085584
268	3.6976	0.075667
269	3.6974	0.075247
270	3.7028	0.071004
271	3.6971	0.046325
272.01	3.6974	0.056136
273.01	3.6973	0.07526
274.01	3.6969	0.074557
275.01	3.6973	0.065698
276.01	3.6974	0.056136
277.01	3.6974	0.056136
278.01	3.6971	0.074977
279.01	3.7019	0.06992
280.01	3.6979	0.047361
281.01	3.6974	0.056136
282.01	3.6904	0.064609
282.98	3.6968	0.045906
283.98	3.6974	0.056136
284.98	3.6974	0.056136
285.99	3.6896	0.058518
286.99	3.6909	0.07364
287.99	3.6959	0.073451
288.99	3.6898	0.053325
289.99	3.6974	0.056136
290.99	3.6901	0.075715
291.99	3.6903	0.073008
292.99	3.6899	0.044853
293.99	3.6905	0.045474
294.99	3.6898	0.053325
296	3.6893	0.067905
297	3.7089	0.28494
298	3.4584	0.89734
299	3.2608	1.4832
300	2.5634	2.4865
301	1.8637	3.1059
302	1.6241	3.3156
303	1.6734	3.2884
304	1.6598	3.3322
305.01	1.6895	3.2944
306.01	1.6797	3.3137
307.01	1.6868	3.3204
308.01	1.6681	3.3312
309.01	1.6788	3.322
310.01	1.6889	3.3027
311.01	1.6895	3.2944
312.01	1.6822	3.297
313.01	1.6893	3.3135
314.01	1.6855	3.3294
315.01	1.6781	3.3213
315.98	1.6797	3.3137
316.98	1.686	3.3198
317.98	1.686	3.3198
318.99	1.6788	3.322
319.99	1.6879	3.3038
320.99	1.6822	3.297
321.99	1.6879	3.3126
322.99	1.6883	3.313
323.99	1.6975	3.3123
324.99	1.6868	3.3204
325.99	1.6773	3.3305
326.99	1.6902	3.2949
327.99	1.6895	3.2944
329	1.6797	3.3137
330	1.6842	3.3267
331	1.6773	3.3305
332	1.6816	3.3053
333	1.6895	3.2944
334	1.6797	3.3137
335	1.6781	3.3213
336	1.6879	3.3038
337	1.6881	3.3017
338	1.6895	3.2944
339.01	1.6797	3.3137
340.01	1.6781	3.3213
341.01	1.6773	3.3305
342.01	1.687	3.3027
343.01	1.6826	3.2973
344.01	1.6801	3.3141
345.01	1.6788	3.322
346.01	1.6788	3.322
347.01	1.687	3.3027
348.01	1.6895	3.2944
349.01	1.681	3.2956
349.98	1.6781	3.3213
350.98	1.6773	3.3305
351.99	1.687	3.3027
352.99	1.6911	3.2959
353.99	1.6895	3.2944
354.99	1.6797	3.3137
355.99	1.6797	3.3137
356.99	1.6839	3.3263
357.99	1.6788	3.322
358.99	1.6879	3.3038
359.99	1.6895	3.2944
360.99	1.6797	3.3137
362	1.6781	3.3213
363	1.6781	3.3213
364	1.6881	3.3017
365	1.681	3.2956
366	1.6883	3.313
367	1.6856	3.3194
368	1.6867	3.3205
369	1.6773	3.3305
370	1.6799	3.3034
371	1.681	3.2956
372.01	1.6797	3.3137
373.01	1.6842	3.3267
374.01	1.6694	3.3319
375.01	1.6799	3.3034
376.01	1.6817	3.2962
377.01	1.6895	3.2944
378.01	1.6822	3.297
379.01	1.681	3.2956
380.01	1.6797	3.3137
381.01	1.6766	3.3278
382.01	1.6773	3.3305
382.98	1.6797	3.3137
383.98	1.6879	3.3126
384.98	1.6781	3.3213
385.99	1.6781	3.3213
386.99	1.6788	3.322
387.99	1.6799	3.3034
388.99	1.6797	3.3137
389.99	1.6766	3.3278
390.99	1.6832	3.3257
391.99	1.6773	3.3305
392.99	1.6885	3.2934
393.99	1.673	3.2972
394.99	1.6777	3.3209
396	1.6694	3.3319
397	1.6799	3.3034
398	1.681	3.2956
399	1.6822	3.297
400	1.6781	3.3213
401	1.675	3.3364
402	1.6781	3.3213
403	1.6902	3.2949
404	1.6797	3.3137
405.01	1.6856	3.3194
406.01	1.6671	3.3287
407.01	1.67	3.3228
408.01	1.687	3.3027
409.01	1.6895	3.2944
410.01	1.6711	3.3147
411.01	1.6856	3.3201
412.01	1.6773	3.3305
413.01	1.681	3.2956
414.01	1.68	3.2967
415.01	1.6797	3.3137
415.98	1.6694	3.3319
416.98	1.681	3.2956
417.98	1.6797	3.3137
418.99	1.6781	3.3213
419.99	1.6777	3.3217
420.99	1.6884	3.2954
421.99	1.681	3.2956
422.99	1.68	3.2967
423.99	1.6797	3.3137
424.99	1.6781	3.3213
425.99	1.6781	3.3213
426.99	1.6793	3.3028
427.99	1.672	3.2983
429	1.6797	3.3137
430	1.6773	3.3305
431	1.6799	3.3034
432	1.681	3.2956
433	1.6797	3.3137
434	1.675	3.3364
435	1.6694	3.3319
436	1.681	3.2956
437	1.6797	3.3137
438	1.6851	3.3291
439.01	1.6781	3.3213
440.01	1.6793	3.3028
441.01	1.6711	3.3147
442.01	1.6755	3.3267
443.01	1.6773	3.3305
444.01	1.6773	3.3305
445.01	1.6799	3.3034
446.01	1.6793	3.3028
447.01	1.68	3.2967
448.01	1.6797	3.3137
449.01	1.6755	3.3267
449.98	1.681	3.2956
450.98	1.681	3.2956
451.99	1.6797	3.3137
452.99	1.668	3.3296
453.99	1.6694	3.3319
454.99	1.6793	3.3028
455.99	1.68	3.2946
456.99	1.6797	3.3137
457.99	1.6766	3.3278
458.99	1.6773	3.3305
459.99	1.6694	3.3319
460.99	1.6799	3.3034
462	1.681	3.2956
463	1.6879	3.3126
464	1.6759	3.3271
465	1.6773	3.3305
466	1.6799	3.3034
467	1.681	3.2956
468	1.6797	3.3137
469	1.6797	3.3137
470	1.6781	3.3213
471	1.6773	3.3305
472.01	1.6694	3.3319
473.01	1.6793	3.3028
474.01	1.6711	3.3147
475.01	1.6671	3.3287
476.01	1.6773	3.3305
477.01	1.681	3.2956
478.01	1.6797	3.3137
479.01	1.675	3.3364
480.01	1.6773	3.3305
481.01	1.6694	3.3319
482.01	1.6783	3.3017
482.98	1.675	3.3364
483.98	1.6773	3.3305
484.98	1.6799	3.3034
485.99	1.681	3.2956
486.99	1.6711	3.3147
487.99	1.6879	3.3133
488.99	1.6677	3.3385
489.99	1.6694	3.3319
490.99	1.6783	3.3017
491.99	1.6871	3.2967
492.99	1.6797	3.3137
493.99	1.6797	3.3137
494.99	1.6755	3.3275
496	1.6773	3.3305
497	1.6789	3.3045
498	1.681	3.2956
499	1.6797	3.3137
500	1.6848	3.3208
501	1.6773	3.3305
502	1.6777	3.3209
503	1.6799	3.3034
504	1.68	3.2967
505.01	1.6797	3.3137
506.01	1.6797	3.3137
507.01	1.6781	3.3213
508.01	1.6773	3.3305
509.01	1.6789	3.3045
510.01	1.6799	3.3034
511.01	1.6797	3.3137
512.01	1.6777	3.3209
513.01	1.6781	3.3213
514.01	1.6773	3.3305
515.01	1.6612	3.3333
515.98	1.6777	3.3209
516.98	1.675	3.3364
517.98	1.6773	3.3305
518.99	1.681	3.2956
519.99	1.6797	3.3137
520.99	1.6801	3.3141
521.99	1.6773	3.3305
522.99	1.6602	3.3326
523.99	1.681	3.2956
524.99	1.6711	3.3147
525.99	1.6797	3.3137
526.99	1.6777	3.3217
527.99	1.6773	3.3305
529	1.6694	3.3319
530	1.6783	3.3017
531	1.68	3.2967
532	1.6797	3.3137
533	1.6691	3.323
534	1.6793	3.3028
535	1.68	3.2967
536	1.6879	3.3126
537	1.675	3.3364
538	1.6694	3.3319
539.01	1.6789	3.3045
540.01	1.6799	3.3034
541.01	1.681	3.2956
542.01	1.6797	3.3137
543.01	1.6755	3.3275
544.01	1.67	3.3228
545.01	1.6789	3.3045
546.01	1.681	3.2956
547.01	1.681	3.2956
548.01	1.6797	3.3137
549.01	1.6754	3.3368
549.98	1.68	3.2946
550.98	1.6797	3.3137
551.99	1.6797	3.3137
552.99	1.675	3.3364
553.99	1.6789	3.3045
554.99	1.6797	3.3137
555.99	1.6777	3.3209
556.99	1.675	3.3364
557.99	1.6694	3.3319
558.99	1.6793	3.3028
559.99	1.672	3.2983
560.99	1.6797	3.3137
562	1.6755	3.3275
563	1.6773	3.3305
564	1.67	3.3228
565	1.681	3.2956
566	1.68	3.2967
567	1.6797	3.3137
568	1.6797	3.3137
569	1.6773	3.3305
570	1.67	3.3228
571	1.68	3.2946
572.01	1.6797	3.3137
573.01	1.6773	3.3213
574.01	1.6691	3.323
575.01	1.67	3.3228
576.01	1.6783	3.3039
577.01	1.681	3.2956
578.01	1.6797	3.3137
579.01	1.6781	3.3213
580.01	1.6773	3.3305
581.01	1.6773	3.3305
582.01	1.6783	3.3017
582.98	1.6755	3.3275
583.98	1.6773	3.3305
584.98	1.6773	3.3305
585.99	1.6817	3.2962
586.99	1.681	3.2956
587.99	1.6797	3.3137
588.99	1.6755	3.3267
589.99	1.6681	3.3312
590.99	1.6799	3.3034
591.99	1.681	3.2956
592.99	1.6797	3.3137
593.99	1.6762	3.3282
594.99	1.6773	3.3305
596	1.671	3.3044
597	1.68	3.2967
598	1.6797	3.3137
599	1.6797	3.3137
