0	3.7346	-0.8805
1.001	3.5357	1.0798
2.002	2.5014	2.7016
3.003	1.0607	3.5834
4.004	0.77903	3.6995
5.005	1.3952	3.4397
6.006	2.3125	2.8381
7.007	1.6822	2.6951
8.008	0.45868	3.6886
9.009	-1.0182	3.4929
10.01	-2.4827	2.0332
11.011	-2.7248	2.8858
12.012	-0.80391	3.6886
13.013	0.38766	3.6818
14.014	1.9066	3.0539
15.015	2.8679	2.1798
16.016	3.3157	0.70754
16.983	3.593	-0.52557
17.984	3.5654	-1.5683
18.985	3.1253	-2.4658
19.986	3.05	-2.4289
20.987	2.3798	-1.0605
21.988	1.4717	-0.019165
22.989	1.4828	-0.017379
23.99	1.4559	0.040015
24.991	1.4716	0.057335
25.992	2.0731	1.7767
26.993	1.2357	3.0992
27.994	0.49806	3.5819
28.995	0.028668	3.7841
29.996	-1.2227	3.736
30.997	-1.2984	3.4572
31.998	-1.6329	3.4967
32.999	-1.5286	2.4555
34	-2.8565	2.8481
35.001	-3.0854	2.6675
36.002	-3.042	2.7834
37.003	-2.204	3.3608
38.004	-1.108	3.7679
39.005	-1.379	3.2607
40.006	-2.6618	2.9676
41.007	-3.6581	1.9289
42.008	-4.1352	0.91906
43.009	-4.3384	-0.21023
44.01	-4.0708	-1.7774
45.011	-3.3659	-2.9791
46.012	-2.2747	-3.6793
47.013	-0.99496	-4.2425
48.014	-0.39179	-4.4244
49.015	-1.3374	-4.252
50.016	-1.4334	-4.2046
50.984	-2.0832	-3.077
51.985	-3.2488	-1.8642
52.986	-4.231	-0.81558
53.987	-4.3192	0.18156
54.988	-3.6886	1.376
55.989	-2.9045	2.5793
56.99	-1.8074	3.4026
57.991	-0.37268	3.6503
58.992	0.70985	2.6019
59.993	1.9988	2.7892
60.994	2.0832	2.8668
61.995	1.8811	2.3432
62.996	1.204	2.4654
63.997	0.39179	2.0163
64.998	0.12348	2.2351
65.999	0.14195	2.3489
67	0.15173	2.35
68.001	0.13321	2.3694
69.002	0.13343	2.3592
70.003	0.76447	2.3412
71.004	1.118	2.303
72.005	1.683	2.7698
73.006	1.6976	2.7744
74.007	1.6902	2.7917
75.008	1.6733	2.7603
76.009	2.0445	2.9149
77.01	2.2141	2.8441
78.011	2.2173	2.8479
79.012	2.2088	2.8692
80.013	2.2134	2.8615
81.014	2.2017	2.8308
82.015	2.2226	2.8073
83.016	2.2173	2.8097
83.983	2.2368	2.829
84.984	2.2094	2.8211
85.985	2.2715	2.7688
86.986	2.2456	2.7616
87.987	2.2647	2.7616
88.988	2.2643	2.7805
89.989	2.2934	2.7425
90.99	2.2672	2.7253
91.991	2.3113	2.7227
92.992	2.293	2.7232
93.993	2.3114	2.7301
94.994	2.3042	2.7432
95.995	2.2893	2.7232
96.996	2.2938	2.7041
97.997	2.311	2.7224
98.998	2.3316	2.724
100	2.3037	2.743
101	2.3371	2.7142
102	2.3823	2.4783
103	2.3603	1.5672
104	2.4941	0.58291
105.01	3.5139	0.28341
106.01	3.4974	0.25801
107.01	3.5174	0.24031
108.01	3.5034	0.2449
109.01	3.507	0.2389
110.01	3.5055	0.24663
111.01	3.5043	0.26551
112.01	3.47	0.28766
113.01	3.507	0.25801
114.01	3.4783	0.25801
114.98	3.4981	0.26947
115.98	3.4958	0.27686
116.98	3.5166	0.25801
117.98	3.4783	0.25801
118.99	3.5166	0.23003
119.99	3.4985	0.24877
120.99	3.4958	0.27686
121.99	3.507	0.25801
122.99	3.5071	0.23804
123.99	3.4979	0.23922
124.99	3.4964	0.26717
125.99	3.4949	0.27462
126.99	3.5166	0.2389
127.99	3.507	0.2389
129	3.5261	0.2389
130	3.498	0.26904
131	3.4958	0.27686
132	3.5261	0.25801
133	3.5064	0.23815
134	3.4967	0.23827
135	3.5166	0.2389
136	3.5357	0.2389
137	3.4821	0.28953
138	3.4957	0.26618
139.01	3.5242	0.2471
140.01	3.507	0.25801
141.01	3.5354	0.22945
142.01	3.5357	0.2389
143.01	3.5142	0.26547
144.01	3.5353	0.24896
145.01	3.5357	0.2389
146.01	3.5735	-0.17193
147.01	3.6897	-0.72531
148.01	3.6862	-0.72913
149.01	3.6687	-0.68914
149.98	3.6719	-0.70446
150.98	3.67	-0.70672
151.99	3.6689	-0.71722
152.99	3.6703	-0.70622
153.99	3.6714	-0.70519
154.99	3.6706	-0.70601
155.99	3.6693	-0.70774
156.99	3.6697	-0.72585
157.99	3.67	-0.70667
158.99	3.6698	-0.6879
159.99	3.6714	-0.70519
160.99	3.6683	-0.70826
162	3.6702	-0.72524
163	3.6682	-0.68966
164	3.67	-0.68751
165	3.6719	-0.70446
166	3.6708	-0.72492
167	3.6719	-0.72357
168	3.6692	-0.69797
169	3.6714	-0.70548
170	3.6703	-0.70622
171	3.6703	-0.7064
172.01	3.6706	-0.70662
173.01	3.6682	-0.68966
174.01	3.67	-0.70662
175.01	3.6707	-0.70558
176.01	3.6676	-0.70938
177.01	3.6487	-0.7435
178.01	3.1769	-0.54082
179.01	2.1806	0.43137
180.01	2.1404	1.7962
181.01	2.3206	2.1611
182.01	2.3136	2.0915
182.98	2.3137	2.1105
183.98	2.313	2.1208
184.98	2.4149	2.0417
185.99	2.4845	1.6532
186.99	2.2112	1.8189
187.99	2.3234	1.9577
188.99	2.3231	1.9192
189.99	2.3028	1.8824
190.99	2.3328	1.8999
191.99	2.3027	1.9019
192.99	2.3217	1.9209
193.99	2.3221	1.9016
194.99	2.3141	1.8906
196	2.323	1.9005
197	2.2934	1.9016
198	2.3215	1.9213
199	2.3226	1.9198
200	2.3226	1.9005
201	2.3121	1.8832
202	2.3318	1.9009
203	2.3968	1.8143
204	2.3214	1.6823
205.01	2.304	1.671
206.01	2.2815	1.6365
207.01	2.2839	1.6532
208.01	2.2849	1.6808
209.01	2.2849	1.671
210.01	2.2665	1.6232
211.01	2.303	1.6532
212.01	2.2823	1.6646
213.01	2.2005	1.761
214.01	2.224	2.1567
215.01	2.2265	2.0927
215.98	2.239	2.1372
216.98	2.236	2.1116
217.98	2.238	2.1096
218.99	2.2382	2.1001
219.99	2.2373	2.1011
220.99	2.239	2.1372
221.99	2.2463	2.1302
222.99	2.238	2.1096
223.99	2.2456	2.1118
224.99	2.1593	2.59
225.99	2.1692	2.6948
226.99	2.161	2.7025
227.99	2.1689	2.7039
229	2.1605	2.7223
230	2.1602	2.7336
231	2.1619	2.7122
232	2.1684	2.7031
233	2.1611	2.723
234	2.1611	2.7408
235	2.1624	2.7127
236	2.1615	2.7032
237	2.1682	2.694
238	2.1604	2.7476
239.01	2.1672	2.7146
240.01	2.1615	2.7032
241.01	2.1682	2.694
242.01	2.141	2.7711
243.01	1.7013	2.9049
244.01	0.84092	2.7616
245.01	0.33112	1.8
246.01	0.49718	1.2074
247.01	0.45849	1.2804
248.01	0.44244	1.2776
249.01	0.44913	1.2709
249.98	0.43142	1.2887
250.98	0.4367	1.2642
251.99	0.4403	1.2609
252.99	0.23826	1.6044
253.99	0.66725	1.8841
254.99	1.1945	2.303
255.99	1.1821	2.2577
256.99	1.155	2.2371
257.99	1.1563	2.2647
258.99	1.1578	2.2823
259.99	1.1694	2.2704
260.99	1.1598	2.2511
262	1.1477	2.2348
263	1.1763	2.3016
264	1.2324	2.6367
265	1.2534	2.6071
266	1.308	2.4842
267	1.2883	2.4442
268	1.2984	2.4454
269	1.2833	2.4776
270	1.2899	2.4554
271	1.2906	2.4467
272.01	1.8727	2.2256
273.01	1.8741	2.1993
274.01	1.8554	2.2184
275.01	1.8547	2.2084
276.01	1.8532	2.1878
277.01	1.853	2.2161
278.01	1.8724	2.1885
279.01	2.7122	1.7466
280.01	3.007	1.6116
281.01	2.9719	1.6341
282.01	2.9537	1.6534
282.98	2.9814	1.6341
283.98	2.9824	1.6542
284.98	2.9794	1.6609
285.99	2.9719	1.6532
286.99	2.9882	1.6213
287.99	2.9906	1.6143
288.99	2.9719	1.6341
289.99	2.9719	1.6532
290.99	2.9812	1.6628
291.99	2.9864	1.6305
292.99	2.9893	1.6225
293.99	2.9937	1.6184
294.99	2.9794	1.6508
296	3.0579	1.6914
297	3.077	1.6914
298	3.085	1.6734
299	3.0785	1.6884
300	3.0873	1.7005
301	3.1057	1.6914
302	3.0761	1.6734
303	3.086	1.6543
304	3.0961	1.6723
305.01	3.1179	1.6879
306.01	3.1061	1.6908
307.01	3.1241	1.7011
308.01	3.0961	1.6723
309.01	3.0951	1.6542
310.01	3.1252	1.6906
311.01	3.1147	1.7015
312.01	3.1248	1.6914
313.01	3.1509	1.6757
314.01	3.1612	1.6826
315.01	3.163	1.7105
315.98	3.051	1.8474
316.98	3.0469	1.862
317.98	3.0683	1.8645
318.99	3.0411	1.8849
319.99	3.0388	1.8634
320.99	3.0388	1.8634
321.99	3.0467	1.8912
322.99	3.0407	1.8847
323.99	3.0674	1.8634
324.99	3.0895	1.8374
325.99	3.0865	1.8825
326.99	3.0769	1.891
327.99	3.0863	1.8922
329	3.0747	1.8792
330	3.0856	1.8624
331	3.077	1.8825
332	3.0959	1.8922
333	3.0761	1.8814
334	3.0936	1.8611
335	3.097	1.8645
336	3.0953	1.882
337	3.1252	1.8637
338	3.0957	1.8631
339.01	3.1343	1.8443
340.01	3.0865	1.8825
341.01	3.1041	1.8893
342.01	3.1152	1.8634
343.01	3.1233	1.8432
344.01	3.0674	1.8825
345.01	3.1064	1.883
346.01	3.1248	1.8634
347.01	3.0961	1.8634
348.01	3.1164	1.8451
349.01	3.0861	1.8822
349.98	3.1057	1.8634
350.98	3.1254	1.8464
351.99	3.0686	1.8816
352.99	3.114	1.8817
353.99	3.1152	1.8634
354.99	3.0865	1.8618
355.99	3.1156	1.8446
356.99	3.0865	1.8825
357.99	3.0976	1.884
358.99	3.1152	1.8634
359.99	3.088	1.8459
360.99	3.1071	1.8461
362	3.1049	1.882
363	3.1057	1.8634
364	3.0961	1.8634
365	3.0973	1.845
366	NaN	NaN
367	3.1057	1.8825
368	3.1148	1.8637
369	3.0961	1.8634
370	3.0969	1.8453
371	3.0961	1.8825
372.01	3.1138	1.8808
373.01	3.0961	1.8634
374.01	3.1052	1.8151
375.01	2.9795	1.3398
376.01	2.6565	1.2709
377.01	3.0365	1.6836
378.01	3.1244	1.691
379.01	3.1534	1.6532
380.01	3.1426	1.6522
381.01	3.1152	1.6723
382.01	3.1549	1.6738
382.98	3.16	1.6508
383.98	3.163	1.6723
384.98	3.163	1.6739
385.99	3.1336	1.6903
386.99	NaN	NaN
387.99	3.1362	1.6544
388.99	3.1339	1.672
389.99	3.163	1.6723
390.99	3.1539	1.6726
391.99	3.1611	1.6901
392.99	3.1912	1.6917
393.99	NaN	NaN
394.99	3.1624	1.6536
396	3.1534	1.6723
397	3.1792	1.6938
398	3.1917	1.6914
399	3.1527	1.6537
400	3.2012	1.6717
401	3.1527	1.6734
402	3.1637	1.6909
403	3.2012	1.6914
404	3.1431	1.6542
405.01	3.1888	1.6557
406.01	3.1725	1.6723
407.01	3.2008	1.7102
408.01	3.1817	1.6911
409.01	3.3721	1.3561
410.01	3.4319	1.1166
411.01	3.0988	1.1869
412.01	2.2545	0.76528
413.01	1.8448	0.077216
414.01	2.2157	-1.0911
415.01	2.782	-2.0901
415.98	3.0412	-2.0717
416.98	3.0579	-2.0927
417.98	3.0292	-2.0927
418.99	3.055	-2.0953
419.99	3.0101	-2.0736
420.99	3.0363	-2.0565
421.99	3.077	-2.0927
422.99	3.0675	-2.1501
423.99	3.0787	-2.2152
424.99	3.087	-2.2258
425.99	3.0878	-2.1965
426.99	3.08	-2.1855
427.99	3.0945	-2.2169
429	3.0937	-2.2188
430	3.0944	-2.2181
431	3.0475	-2.4069
432	3.0297	-2.4184
433	3.03	-2.4284
434	2.9628	-2.4367
435	1.9726	-2.6801
436	1.2416	-3.7263
437	1.1463	-3.9161
438	1.1546	-3.9159
439.01	0.89669	-3.6334
440.01	-0.21978	-2.9814
441.01	-1.6639	-3.477
442.01	-2.1314	-3.9077
443.01	-2.1298	-3.8997
444.01	-2.1304	-3.8992
445.01	-2.1239	-3.9339
446.01	-2.1307	-3.9367
447.01	-2.1215	-3.9173
448.01	-2.1312	-3.9169
449.01	-2.1376	-3.9111
449.98	-2.1296	-3.938
450.98	-2.1368	-3.9308
451.99	-2.1378	-3.9102
452.99	-2.1309	-3.9186
453.99	-2.1303	-3.9462
454.99	-2.1211	-3.9186
455.99	-2.1312	-3.9169
456.99	-2.1298	-3.8997
457.99	-2.1287	-3.9013
458.99	-2.1233	-3.9349
459.99	-2.1233	-3.9261
460.99	-2.1304	-3.9183
462	-2.1374	-3.9108
463	-2.1302	-3.8996
464	-2.1316	-3.9186
465	-2.1239	-3.9339
466	-2.1374	-3.949
467	-2.1298	-3.9188
468	-2.137	-3.9114
469	-2.1307	-3.9366
470	-2.1295	-3.9381
471	-2.1379	-3.9399
472.01	-2.1303	-3.9177
473.01	-2.1382	-3.9201
474.01	-2.1307	-3.9366
475.01	-2.1369	-3.9495
476.01	-2.1305	-3.9469
477.01	-2.1298	-3.9188
478.01	-2.137	-3.9114
479.01	-2.1301	-3.9376
480.01	-2.1369	-3.95
481.01	-2.1295	-3.9197
482.01	-2.139	-3.9186
482.98	-2.1305	-3.9469
483.98	-2.1293	-3.9194
484.98	-2.1374	-3.9207
485.99	-2.1307	-3.9366
486.99	-2.1366	-3.9502
487.99	-2.1287	-3.9204
488.99	-2.1312	-3.9169
489.99	-2.1373	-3.9107
490.99	-2.1307	-3.9366
491.99	-2.1369	-3.9495
492.99	-2.1378	-3.9489
493.99	-2.1368	-3.9308
494.99	-2.1312	-3.9169
496	-2.1373	-3.9112
497	-2.1402	-3.9378
498	-2.1301	-3.9376
499	-2.1369	-3.95
500	-2.1368	-3.9308
501	-2.1287	-3.9204
502	-2.139	-3.9186
503	-2.1389	-3.9287
504	-2.1376	-3.9486
505.01	-2.1417	-3.9549
506.01	-2.1399	-3.9183
507.01	-2.1377	-3.9014
508.01	-2.139	-3.9384
509.01	-2.1295	-3.9381
510.01	-2.1382	-3.9484
511.01	-2.1389	-3.938
512.01	-2.1391	-3.919
513.01	-2.1378	-3.9102
514.01	-2.143	-3.9339
515.01	-2.139	-3.9384
515.98	-2.1596	-3.8988
516.98	-2.3973	-3.8121
517.98	-3.011	-3.3362
518.99	-3.7078	-2.5909
519.99	-4.156	-1.5766
520.99	-4.3493	-0.59397
521.99	-4.3104	0.40015
522.99	-3.8976	1.4607
523.99	-3.6803	1.8746
524.99	-2.8751	2.8561
525.99	-2.1503	3.287
526.99	-1.3871	3.5748
527.99	NaN	NaN
529	-0.038223	3.6695
530	-0.022213	3.6472
531	-0.039219	3.6678
532	-0.0088012	3.6703
533	-0.029964	3.6868
534	-0.026497	3.6525
535	-0.030825	3.6487
536	-0.028668	3.6695
537	-0.021151	3.6768
538	-0.026497	3.6525
539.01	-0.075016	3.6488
540.01	-0.96514	3.0579
541.01	NaN	NaN
542.01	-3.1553	2.219
543.01	-3.2389	0.62055
544.01	-4.2046	-0.20067
545.01	-4.3375	-0.66656
546.01	-4.3288	-1.0129
547.01	-4.0601	-1.3563
548.01	-3.1332	-1.7766
549.01	-1.8923	-2.2746
549.98	-1.6045	-3.498
550.98	-2.005	-3.9771
551.99	-2.0076	-3.9835
552.99	-1.9981	-3.9834
553.99	-2.0048	-3.9964
554.99	-2.0061	-4.0042
555.99	-2.0162	-4.0033
556.99	-2.0032	-3.96
557.99	-2.0087	-3.9826
558.99	-1.9963	-3.9862
559.99	-2.008	-4.0027
560.99	-2.0235	-3.9866
562	-2.0148	-3.9866
563	-2.0234	-4.0062
564	-2.0083	-4.0024
565	-2.0237	-3.9868
566	-2.0249	-3.9854
567	-2.0079	-3.9839
568	-2.0163	-4.0039
569	-2.0085	-4.002
570	-2.0181	-4.0018
571	-2.0214	-3.9701
572.01	-2.0087	-3.9826
573.01	-2.007	-3.9845
574.01	-2.0079	-4.003
575.01	-2.0172	-4.0025
576.01	-2.0078	-3.9663
577.01	-2.0172	-3.9834
578.01	-2.0079	-3.9839
579.01	-2.0157	-4.0043
580.01	-2.0083	-4.0023
581.01	-2.0172	-4.0025
582.01	-2.0181	-4.0018
582.98	-2.0264	-4.031
583.98	-2.0157	-4.0044
584.98	-2.0154	-3.9857
585.99	-2.0172	-3.9834
586.99	-2.0079	-3.9839
587.99	-2.0085	-4.002
588.99	-2.0079	-3.9834
589.99	-2.014	-3.9586
590.99	-2.0067	-3.9848
591.99	-2.0157	-4.0043
592.99	-2.0081	-4.0026
593.99	-2.0055	-3.9595
594.99	-2.0142	-3.9583
596	-2.0172	-3.9834
597	-2.0173	-4.0029
598	-2.0081	-4.0026
598.97	-2.0172	-3.9834
