0	-3.1057	-3.3063
1.001	-3.0101	-2.6183
2.002	-3.9417	-1.7928
3.003	-3.7533	-1.9459
4.004	-3.6243	-1.1296
5.005	-4.4148	-0.58291
6.006	-4.2141	0.93647
7.007	-3.623	2.1038
8.008	-2.4254	3.2286
9.009	-1.0703	2.6852
10.01	0.66824	1.6908
11.011	1.4122	3.3082
12.012	1.8941	2.9169
13.013	3.2369	1.2069
14.014	2.5125	0.010394
15.015	0.69797	-0.9367
16.016	-0.99402	-1.9203
16.983	-2.8859	-2.5132
17.984	-4.0708	-1.376
18.985	-2.9145	-1.032
19.986	-0.35455	-0.29556
20.987	1.5958	1.5863
21.988	2.065	2.9801
22.989	0.90625	3.5816
23.99	-0.8055	3.7046
24.991	-0.96653	2.7731
25.992	-1.3702	2.1644
26.993	-2.5419	3.1439
27.994	-1.3108	2.8581
28.995	-0.39137	2.9722
29.996	0.076702	3.4787
30.997	-1.2061	3.7098
31.998	-2.1354	3.3951
32.999	-3.2279	2.6347
34	-3.3418	2.146
35.001	-2.8526	2.8623
36.002	-2.3316	2.3699
37.003	-2.249	-0.025197
38.004	-2.2564	-2.2061
39.005	-3.9837	-1.8815
40.006	-4.1851	-0.8123
41.007	-4.061	-1.8152
42.008	-3.5166	-2.7425
43.009	-2.5139	-3.6887
44.01	-1.9116	-4.0902
45.011	NaN	NaN
46.012	1.204	-4.109
47.013	2.2261	-3.4875
48.014	3.1821	-2.4081
49.015	3.6416	-1.3366
50.016	3.7746	-0.0095559
50.984	3.4954	1.2595
51.985	2.9145	1.7392
52.986	3.4306	1.3569
53.987	2.7355	0.32283
54.988	0.8576	1.5457
55.989	0.92493	3.5364
56.99	0.028668	3.7363
57.991	-1.5863	3.5643
58.992	-2.2072	3.0569
59.993	-0.30717	2.5615
60.994	1.6348	2.629
61.995	3.1439	1.8729
62.996	3.4514	0.85225
63.997	3.6201	-0.36131
64.998	2.6189	-2.0263
65.999	1.5378	-3.8978
67	0.49804	-4.3391
68.001	-0.782	-4.3752
69.002	-1.4796	-3.8208
70.003	-1.1387	-2.0274
71.004	-0.10511	-1.2709
72.005	-0.065223	-1.2547
73.006	-0.0665	-1.2527
74.007	-0.70603	0.086606
75.008	-1.6238	2.2174
76.009	-1.8816	3.4399
77.01	-1.3187	3.4783
78.011	-1.5301	1.4922
79.012	-3.4019	0.81225
80.013	-3.2108	2.3412
81.014	-1.9027	3.3649
82.015	-0.30529	3.755
83.016	-0.13378	3.7937
83.983	-1.3084	3.7052
84.984	-2.2546	3.2295
85.985	-3.4005	2.3499
86.986	-3.7937	1.9016
87.987	-3.3792	2.415
88.988	-2.733	2.045
89.989	-4.0617	1.1291
90.99	-4.3279	-0.26873
91.991	-4.1278	-1.7297
92.992	-3.2963	-2.9809
93.993	-2.4834	-3.7255
94.994	-1.6634	-4.1957
95.995	0.22091	-4.3777
96.996	1.3105	-4.072
97.997	1.7307	-3.4965
98.998	-0.52552	-3.2956
100	-2.568	-3.7057
101	-3.1443	-3.2494
102	-3.9449	-2.1962
103	-4.2895	-1.071
104	-3.2652	-2.6917
105.01	-2.2449	-3.8699
106.01	-1.1854	-4.2337
107.01	-0.99447	-4.3388
108.01	-2.1996	-3.91
109.01	-3.0093	-2.2181
110.01	-4.2619	-1.2893
111.01	-3.1917	-1.548
112.01	-1.8347	-0.53513
113.01	-0.71687	1.194
114.01	-0.10402	1.3006
114.98	-0.097411	1.3366
115.98	-0.037923	1.2906
116.98	-0.00021235	1.2806
117.98	-0.0080421	1.273
118.99	-0.028445	1.2804
119.99	-0.0013734	1.2704
120.99	0.93865	0.32774
121.99	1.0045	-1.8144
122.99	2.0641	-3.5643
123.99	2.4001	-3.0753
124.99	1.4795	-3.8592
125.99	-0.33399	-3.755
126.99	-0.8308	-4.3581
127.99	-1.1754	-4.281
129	-1.463	-3.843
130	-2.991	-3.3159
131	-3.8315	-2.2836
132	-3.1814	-3.1336
133	-2.0855	-3.9573
134	-0.99397	-4.3
135	-0.010114	-4.348
136	-0.24845	-4.4053
137	-1.8259	-4.128
138	-3.2278	-3.1896
139.01	-3.9457	-2.2062
140.01	-3.5632	-0.91726
141.01	-4.2835	0.36073
142.01	-3.8121	1.7088
143.01	-2.8075	2.8932
144.01	-1.3257	3.6392
145.01	-1.4907	3.3541
146.01	-1.4983	3.5044
147.01	-1.6696	3.5905
148.01	-2.3954	3.2622
149.01	-3.165	2.6773
149.98	-3.9332	1.6492
150.98	-4.33	0.42905
151.99	-4.3564	-0.93541
152.99	-3.7442	-2.5308
153.99	-3.4667	-2.883
154.99	-3.4772	-2.8945
155.99	-3.4507	-2.8868
156.99	-3.4474	-2.8735
157.99	-3.4665	-2.8837
158.99	-3.2479	-3.1812
159.99	-2.0539	-4.0224
160.99	NaN	NaN
162	0.68795	-4.2811
163	1.2025	-4.0981
164	1.2043	-4.0799
165	1.1944	-4.0888
166	1.1964	-4.082
167	1.232	-4.0895
168	1.2089	-4.0754
169	1.2327	-4.0517
170	1.471	-3.9839
171	2.7409	-3.0181
172.01	3.1174	-2.4252
173.01	1.7923	-2.2213
174.01	0.92791	-1.7576
175.01	0.91156	-1.7457
176.01	0.75529	-1.6721
177.01	0.75491	-1.6532
178.01	0.76657	-1.6609
179.01	0.74253	-1.637
180.01	0.76657	-1.6609
181.01	0.77419	-1.662
182.01	0.76447	-1.6532
182.98	0.7532	-1.6551
183.98	0.74591	-1.6626
184.98	0.74532	-1.6632
185.99	0.74564	-1.672
186.99	0.76308	-1.6735
187.99	0.755	-1.6815
188.99	0.76536	-1.6906
189.99	0.75598	-1.6809
190.99	0.75602	-1.6811
191.99	0.74536	-1.6627
192.99	0.74472	-1.6632
193.99	0.7349	-1.664
194.99	0.067473	-0.49652
196	-0.4252	1.218
197	-1.7657	3.0787
198	-1.9771	3.4198
199	-1.5194	2.0736
200	-1.7658	-0.15429
201	-3.8504	-1.2333
202	-4.2691	-0.91506
203	-3.8606	-2.303
204	-3.1212	-3.2837
205.01	-1.8252	-4.109
206.01	0.027706	-4.3756
207.01	1.1368	-4.1088
208.01	1.9569	-3.0277
209.01	1.088	-1.2534
210.01	1.1967	1.0136
211.01	1.459	3.271
212.01	1.5411	3.1057
213.01	1.2724	1.3967
214.01	-0.24685	-0.059083
215.01	-1.8456	-1.6997
215.98	-2.9447	-3.3047
216.98	NaN	NaN
217.98	-1.6267	-4.0917
218.99	-0.46786	-4.4049
219.99	0.89754	-4.204
220.99	1.9801	-3.6713
221.99	3.0556	-2.5879
222.99	3.5812	-1.6031
223.99	3.7715	-0.67166
224.99	3.6397	0.76332
225.99	3.1618	1.8813
226.99	2.5521	2.6378
227.99	1.7186	3.2763
229	0.75043	3.6851
230	-0.39179	3.8128
231	-1.1459	3.7533
232	-2.0625	3.4475
233	-2.8571	2.9333
234	-3.8019	1.8807
235	NaN	NaN
236	-4.3069	0.57089
237	-4.3112	0.56196
238	-4.3966	-0.2588
239.01	-4.0983	-1.8532
240.01	-3.2972	-3.1257
241.01	-2.1501	-3.9944
242.01	-1.5022	-4.2219
243.01	-1.6155	-3.0873
244.01	-1.645	-3.0592
245.01	-1.6444	-3.0587
246.01	-1.6927	-3.0405
247.01	-1.9198	-3.1155
248.01	-1.902	-3.1054
249.01	-1.9123	-3.1135
249.98	-1.9186	-3.0784
250.98	-1.9114	-3.0862
251.99	-1.9303	-3.1057
252.99	-1.9299	-3.1059
253.99	-1.9394	-3.106
254.99	-1.9303	-3.1057
255.99	-1.9494	-3.1057
256.99	-1.9078	-3.0796
257.99	-1.8921	-3.0807
258.99	-1.9263	-3.0894
259.99	-1.9207	-3.1152
260.99	-1.9075	-3.0803
262	-1.9087	-3.0791
263	-1.9074	-3.0798
264	-1.9207	-3.1041
265	-2.2369	-3.3338
266	-2.3882	-3.3741
267	-2.9528	-3.4401
268	-3.2579	-3.1528
269	-3.9668	-2.1802
270	-4.3665	-0.8797
271	-3.8876	-0.34261
272.01	-2.7151	-0.68721
273.01	-1.4767	0.29041
274.01	0.054823	1.1394
275.01	0.84802	1.3356
276.01	2.1596	0.44913
277.01	2.5536	-0.57102
278.01	3.3732	-0.63069
279.01	3.7279	-0.13472
280.01	3.7551	0.11502
281.01	3.7469	0.1246
282.01	3.7558	0.11502
282.98	3.7576	0.11667
283.98	3.7473	0.026756
284.98	3.7451	-0.75416
285.99	2.9649	-1.4353
286.99	1.5385	-2.1696
287.99	1.9764	-3.423
288.99	1.9329	-3.5178
289.99	0.29699	-3.7943
290.99	-1.4811	-4.225
291.99	-2.1214	-3.9848
292.99	-2.9957	-3.4164
293.99	-3.5637	-2.8088
294.99	-4.2136	-1.5475
296	-4.3212	-1.2064
297	-3.3446	-1.2709
298	-2.2458	-1.0415
299	-2.1766	-1.1185
300	-2.1597	-1.1281
301	-1.9858	-2.1574
302	-0.99381	-2.6565
303	-0.93647	-2.5227
304	-0.85827	-0.57563
305.01	0.4197	-0.076
306.01	2.2436	0.38425
307.01	3.163	1.6627
308.01	3.1152	1.9295
309.01	3.0178	1.8837
310.01	1.3113	2.2572
311.01	-0.086003	3.7555
312.01	-0.28668	3.1725
313.01	-1.1183	2.1131
314.01	-2.6551	3.0206
315.01	-3.4306	2.303
315.98	-4.0118	1.1358
316.98	-4.3293	-0.13241
317.98	-4.1555	-1.5786
318.99	-3.7157	-2.5998
319.99	-3.1232	-3.2569
320.99	-2.2016	-3.4374
321.99	-1.1092	-4.2919
322.99	-1.28	-3.7175
323.99	-1.2709	-3.4592
324.99	-0.53965	-3.2348
325.99	1.2132	-2.9333
326.99	1.9011	-3.5732
327.99	1.7201	-3.6312
329	1.9112	-2.0736
330	3.4668	-1.7405
331	2.9814	-2.6183
332	2.1405	-3.507
333	1.1862	-4.0817
334	0.23802	-4.3087
335	-1.0497	-4.254
336	-2.4913	-3.6382
337	-3.1695	-2.9592
338	-3.8319	-2.2845
339.01	-3.9937	-2.1114
340.01	-4.3661	-0.84209
341.01	-3.9684	0.079531
342.01	-2.6732	-0.97227
343.01	-1.5199	-0.13326
344.01	-1.2515	1.3956
345.01	-0.93517	3.6199
346.01	-0.51838	3.4939
347.01	0.51508	3.3933
348.01	-0.11554	3.0205
349.01	0.97511	3.6029
349.98	0.16137	2.6975
350.98	-0.47667	0.95484
351.99	NaN	NaN
352.99	-2.8285	1.9016
353.99	-1.9555	3.4174
354.99	-1.4987	3.657
355.99	-2.503	3.1811
356.99	-3.3831	2.4368
357.99	-3.9561	1.5863
358.99	-4.2526	0.91778
359.99	-4.4053	0.057335
360.99	-4.396	-0.65018
362	-4.0804	-1.0225
363	-2.6065	-1.756
364	-1.4223	-2.5974
365	-0.12606	-3.1042
366	1.728	-3.0683
367	2.3033	-3.4601
368	3.1616	-2.4354
369	3.6408	-1.3378
370	3.7746	-0.28668
371	3.4804	1.1965
372.01	NaN	NaN
373.01	1.8619	0.26902
374.01	1.4712	-0.0091804
375.01	1.4322	-0.027355
376.01	1.4326	-0.027567
377.01	1.2715	0.48794
378.01	0.79314	1.376
379.01	-0.13271	1.4414
380.01	-0.50646	1.3378
381.01	-0.53375	1.3368
382.01	-0.55561	1.3109
382.98	-0.54988	1.3342
383.98	-0.4969	0.98425
384.98	-0.57169	0.33309
385.99	-1.0894	-0.20067
386.99	-2.2099	0.09749
387.99	-2.4573	0.78212
388.99	-2.7133	1.0807
389.99	-2.7802	1.8545
390.99	-1.5696	2.3912
391.99	-1.0876	2.5779
392.99	-1.0351	3.6665
393.99	-0.85081	3.2687
394.99	-2.3598	2.1111
396	-1.418	2.5712
397	-2.5711	3.0297
398	-2.9937	2.4151
399	-2.0914	0.90968
400	-3.1448	-0.81092
401	NaN	NaN
402	-4.3025	0.31312
403	-4.2619	-0.21978
404	-4.1568	-1.5863
405.01	-3.6408	-2.6374
406.01	-2.8295	-3.4888
407.01	-1.759	-4.1094
408.01	-0.4303	-4.2813
409.01	0.68733	-4.2146
410.01	1.9113	-3.6975
411.01	2.7793	-2.6359
412.01	3.2094	-2.3992
413.01	2.9235	-2.8095
414.01	1.952	-2.1378
415.01	1.4238	-0.95559
415.98	1.0989	-1.0416
416.98	1.1174	-1.0614
417.98	0.70643	-0.76508
418.99	0.22779	0.11354
419.99	0.23088	0.10665
420.99	0.22977	0.11474
421.99	0.18353	0.12573
422.99	0.18805	0.13043
423.99	0.13303	0.16104
424.99	-0.8034	1.394
425.99	-0.99381	2.7043
426.99	-0.64082	3.25
427.99	0.5825	3.7359
429	0.37268	3.2872
430	0.98274	1.5083
431	2.8568	0.5825
432	3.6773	0.21801
433	3.6433	-1.0307
434	3.3423	-1.9376
435	2.5896	-2.6088
436	1.3222	-3.8447
437	0.11467	-4.2619
438	-1.6316	-4.1068
439.01	-2.3873	-3.7576
440.01	-2.2556	-3.9469
441.01	-0.8218	-4.3957
442.01	0.39244	-4.3676
443.01	1.5289	-3.9848
444.01	2.5103	-3.2936
445.01	3.211	-2.3894
446.01	3.6229	-1.4613
447.01	3.7817	-0.59485
448.01	3.7004	0.58552
449.01	3.4289	1.393
449.98	2.9813	0.74619
450.98	3.0388	-0.7358
451.99	1.6818	-1.8825
452.99	0.4971	-1.1846
453.99	-0.75627	-0.72531
454.99	-2.3872	-1.7604
455.99	-3.5146	-2.792
456.99	-3.9278	-1.9403
457.99	-4.3384	-0.43001
458.99	-4.2628	0.45725
459.99	-4.3848	-0.25933
460.99	-4.2356	-1.269
462	-3.879	-2.3122
463	-3.1619	-3.2671
464	-2.3545	-3.858
465	-0.94603	-4.367
466	0.42321	-4.3503
467	1.6238	-3.9264
468	2.4761	-3.2884
469	2.3806	-2.5894
470	1.7129	-0.81519
471	1.7482	1.2608
472.01	1.1378	2.9719
473.01	-0.84129	2.9813
474.01	-1.2903	2.8861
475.01	-1.281	2.8863
476.01	-1.2597	2.8073
477.01	-1.2624	2.8106
478.01	-1.2621	2.8296
479.01	-1.259	2.8259
480.01	-1.2516	2.8091
481.01	-1.2541	2.7926
482.01	-1.2514	2.7994
482.98	-1.2614	2.8094
483.98	-1.2629	2.8297
484.98	-1.2555	2.8228
485.99	-1.2609	2.8374
486.99	-1.259	2.8259
487.99	-1.2616	2.8003
488.99	-1.3569	2.7808
489.99	-1.5708	3.4367
490.99	-1.5615	3.4367
491.99	-1.5774	3.4393
492.99	-1.5707	3.4367
493.99	-1.5772	3.4397
494.99	-1.5785	3.4285
496	-1.5765	3.4218
497	-1.5785	3.4293
498	-1.5792	3.4376
499	-1.5791	3.4557
500	-1.5801	3.4377
501	-1.5793	3.4554
502	-1.578	3.458
503	-1.5875	3.4592
504	-1.5776	3.4585
505.01	-1.5865	3.4384
506.01	-1.5874	3.4391
507.01	-1.5893	3.4366
508.01	-1.5761	3.4408
509.01	-1.5491	3.4198
510.01	-1.557	3.4213
511.01	-1.5477	3.4019
512.01	-1.5506	3.4079
513.01	-1.5491	3.4005
514.01	-1.5507	3.4082
515.01	-1.5487	3.4013
515.98	-1.5413	3.4182
516.98	-1.5476	3.4231
517.98	-1.5397	3.4192
518.99	-1.5468	3.4221
519.99	-1.5469	3.4025
520.99	-1.5718	3.4253
521.99	-1.5853	3.4318
522.99	-1.5963	3.4395
523.99	-1.5943	3.4414
524.99	-1.5958	3.4592
525.99	-1.5872	3.4586
526.99	-1.6252	3.4788
527.99	-1.6354	3.4667
529	-1.6256	3.46
530	-1.6392	3.4362
531	-1.6405	3.4375
532	-1.673	3.4408
533	-1.6753	3.4426
534	-1.693	3.4233
535	-1.6867	3.4154
536	-1.7132	3.3481
537	-1.5671	3.2872
538	-1.5767	3.3159
539.01	-1.5576	3.3159
540.01	-1.3883	3.3385
541.01	-1.3584	3.3363
542.01	-1.3657	3.3342
543.01	-1.3685	3.3373
544.01	-1.3454	3.3709
545.01	-1.3664	3.3439
546.01	-1.3864	1.7579
547.01	-1.4224	1.547
548.01	-1.3658	1.9021
549.01	-1.3187	2.3221
549.98	-1.9232	2.1624
550.98	-2.2443	2.1594
551.99	-2.6083	3.1053
552.99	-2.5992	3.0197
553.99	-2.5992	1.3187
554.99	-2.819	-0.95559
555.99	-2.7971	-2.8298
556.99	-2.2444	-3.8596
557.99	-2.5727	-3.6717
558.99	-2.8763	-3.5357
559.99	-2.1197	-3.1358
560.99	-0.5852	-2.7508
562	-0.57279	-2.7056
563	-0.36312	-2.3603
564	1.4208	-2.3968
565	2.8946	-1.2034
566	3.0397	0.0087665
567	3.3346	0.0098206
568	3.6504	0.029052
569	3.6685	-1.2031
570	3.2666	-2.2827
571	2.5992	-3.1821
572.01	1.9771	-2.4092
573.01	2.6948	-0.87914
574.01	3.6424	-0.0020001
575.01	3.3339	1.1835
576.01	2.7224	2.3968
577.01	1.5848	3.2856
578.01	0.57487	3.679
579.01	-0.55579	3.7937
580.01	-0.60841	3.7231
581.01	0.29562	3.7559
582.01	1.3856	3.3732
582.98	2.3703	2.7144
583.98	3.2265	1.6227
584.98	3.6311	0.41124
585.99	3.6208	-0.84929
586.99	3.6398	-0.99264
587.99	3.0883	-1.7604
588.99	3.2585	-2.3221
589.99	3.1899	-2.3875
590.99	3.1057	-2.5514
591.99	2.5025	-3.2765
592.99	1.4672	-3.9422
593.99	0.4969	-4.1664
594.99	-0.84136	-3.5841
596	-1.4639	-2.6099
597	-2.4834	-3.442
598	-2.4934	-3.4781
599	-2.475	-3.4592
