0	-1.4361	0.053807
1.001	0.070524	-1.1385
2.002	-1.3039	-3.0444
3.003	-0.7449	-3.6674
4.004	-1.9836	-2.8986
5.005	-2.8609	-1.702
6.006	-3.1989	-0.6388
7.007	-3.2402	0.45157
8.008	-3.0909	1.2344
9.009	-2.6148	2.3202
10.01	-1.8848	3.1684
11.011	-1.326	3.1181
12.012	-1.2203	3.2837
13.013	-0.99322	3.515
14.014	-0.54818	3.0304
15.015	-0.93097	2.276
16.016	-1.2995	2.7538
16.983	NaN	NaN
17.984	-1.6896	3.1057
18.985	-1.1455	2.7821
19.986	-0.68313	1.8664
20.987	-0.44272	1.9494
21.988	-0.48372	2.4753
22.989	NaN	NaN
23.99	0.49609	2.4992
24.991	0.098368	2.8358
25.992	-0.082737	2.8195
26.993	-0.069707	2.8053
27.994	-0.080739	2.8163
28.995	0.63482	3.0118
29.996	0.71125	2.9434
30.997	0.7099	2.9082
31.998	0.71602	2.9315
32.999	0.70315	2.9081
34	0.70987	2.9159
35.001	0.86291	1.8916
36.002	1.3329	1.728
37.003	0.65221	0.9439
38.004	0.90443	4.1957
39.005	0.93118	4.1877
40.006	1.4144	4.1495
41.007	2.4105	3.8717
42.008	3.5856	3.1178
43.009	4.1783	2.4458
44.01	4.3523	2.1997
45.011	4.5821	1.7682
46.012	4.9167	0.41898
47.013	4.8802	-0.45798
48.014	4.6349	-1.419
49.015	4.6296	-1.4385
50.016	4.6196	-1.4491
50.984	4.1861	-2.2346
51.985	3.5962	-2.9161
52.986	2.6206	-3.5725
53.987	1.9529	-3.8562
54.988	1.883	-3.8626
55.989	1.8511	-3.8546
56.99	1.8469	-3.8477
57.991	0.90827	-3.9993
58.992	0.60061	-4.0004
59.993	0.63938	-4.0153
60.994	0.62251	-3.9962
61.995	0.58373	-3.9547
62.996	0.57428	-3.9726
63.997	0.55634	-3.9726
64.998	0.55516	-4.0092
65.999	0.55776	-3.9607
67	0.54704	-3.9728
68.001	0.48045	-3.9856
69.002	0.47392	-3.9738
70.003	0.50372	-3.9817
71.004	0.5057	-3.9862
72.005	0.47678	-3.9986
73.006	0.47337	-3.984
74.007	0.44935	-3.998
75.008	0.44839	-3.9548
76.009	0.43019	-3.9645
77.01	0.43206	-3.9537
78.011	0.42634	-3.9944
79.012	0.42098	-3.9445
80.013	0.43146	-3.9556
81.014	0.42884	-3.9351
82.015	0.42149	-3.9548
83.016	0.40813	-3.9192
83.983	0.42243	-3.9377
84.984	0.42169	-3.9452
85.985	0.41848	-3.9405
86.986	0.41425	-3.953
87.987	0.41252	-3.9728
88.988	0.40546	-4.0071
89.989	0.38757	-3.9709
90.99	0.38826	-3.9971
91.991	0.38703	-3.9713
92.992	0.3889	-3.9966
93.993	0.38646	-3.9726
94.994	0.38793	-3.9975
95.995	0.38866	-4.0041
96.996	0.38849	-3.9966
97.997	0.39181	-3.9755
98.998	0.38536	-3.9646
100	0.37764	-3.9712
101	0.36768	-3.9728
102	0.37577	-3.982
103	0.36822	-3.9992
104	0.36683	-3.9736
105.01	0.37608	-3.9823
106.01	0.36825	-3.9543
107.01	0.35959	-3.9815
108.01	0.35773	-3.9743
109.01	0.35787	-3.9736
110.01	0.35796	-3.9735
111.01	0.34206	-3.9715
112.01	0.34975	-3.9817
113.01	0.35679	-3.9584
114.01	0.35162	-4.0068
114.98	0.35689	-3.9745
115.98	0.35784	-3.9646
116.98	0.35251	-3.9969
117.98	0.35789	-3.9735
118.99	0.35021	-3.9981
119.99	0.35031	-3.9717
120.99	0.34975	-3.9644
121.99	0.3321	-3.9562
122.99	0.32284	-3.9728
123.99	0.31418	-3.9641
124.99	0.31413	-3.9747
125.99	0.32253	-3.9651
126.99	0.32284	-3.9907
127.99	0.31469	-3.9557
129	0.32155	-3.9725
130	0.31444	-3.9649
131	0.31414	-4
132	0.3144	-3.9733
133	0.3149	-3.9755
134	0.31469	-3.9562
135	0.31416	-3.9725
136	0.322	-3.9557
137	0.30522	-3.9815
138	0.30491	-3.9728
139.01	0.29627	-3.9905
140.01	0.2962	-3.9646
141.01	0.28697	-3.9728
142.01	0.27887	-3.9647
143.01	0.29469	-3.9615
144.01	0.30086	-3.9956
145.01	0.29682	-3.982
146.01	0.29546	-3.9983
147.01	0.29669	-3.974
148.01	0.2962	-3.9825
149.01	0.30491	-3.9548
149.98	0.28785	-3.9825
150.98	0.29293	-3.9942
151.99	0.29651	-3.9822
152.99	0.3038	-3.9723
153.99	0.29682	-3.964
154.99	0.30334	-3.9712
155.99	0.29478	-3.9715
156.99	0.29208	-3.9933
157.99	0.29613	-3.974
158.99	0.30213	-3.9971
159.99	0.29403	-3.9966
160.99	0.2962	-3.973
162	0.29748	-3.9747
163	0.29497	-3.9704
164	0.28785	-3.9646
165	0.29537	-3.9808
166	0.29413	-3.9956
167	0.29779	-3.9761
168	0.28681	-3.954
169	0.29413	-3.9956
170	0.30491	-3.9638
171	0.29618	-3.999
172.01	0.29594	-3.9728
173.01	0.29651	-3.9822
174.01	0.29516	-3.9721
175.01	0.29537	-3.9633
176.01	0.28752	-3.9723
177.01	0.29568	-3.9631
178.01	0.28697	-3.9728
179.01	0.29594	-3.9728
180.01	0.30491	-3.9548
181.01	0.30491	-3.9633
182.01	0.29625	-3.9456
182.98	0.3051	-3.9622
183.98	0.3046	-3.9636
184.98	0.32377	-3.936
185.99	0.30769	-3.9521
186.99	0.30494	-3.9804
187.99	0.31388	-3.9728
188.99	0.3046	-3.982
189.99	0.30509	-3.973
190.99	0.30723	-3.9755
191.99	0.31388	-3.9548
192.99	0.31354	-3.9725
193.99	0.33181	-3.9538
194.99	0.33181	-3.9728
196	0.32311	-3.9824
197	0.31993	-3.9705
198	0.31499	-3.9737
199	0.32405	-3.9475
200	0.31492	-3.9572
201	0.32196	-3.9645
202	0.3046	-3.964
203	0.29594	-3.9733
204	0.28609	-3.9631
205.01	0.28362	-3.9675
206.01	0.28849	-3.9657
207.01	0.27858	-3.9642
208.01	0.27216	-3.9914
209.01	0.28587	-3.9805
210.01	0.28039	-3.9752
211.01	0.29307	-3.9709
212.01	0.28459	-3.9693
213.01	0.27941	-3.9645
214.01	0.28755	-3.9643
215.01	0.28228	-3.9954
215.98	0.29522	-3.9558
216.98	0.27859	-3.9719
217.98	0.28025	-3.9665
218.99	0.27809	-3.9984
219.99	0.28352	-3.9683
220.99	0.27889	-3.9542
221.99	0.28889	-3.9571
222.99	0.29614	-3.9645
223.99	0.29007	-3.9583
224.99	0.28438	-3.9939
225.99	0.28886	-3.9841
226.99	0.29279	-3.9696
227.99	0.29539	-3.9724
229	0.28895	-3.9566
230	0.28586	-3.9962
231	0.29601	-3.9713
232	0.28054	-3.9752
233	0.27996	-3.9747
234	0.28697	-3.9634
235	0.29433	-3.9714
236	0.28709	-3.9551
237	0.28609	-3.9714
238	0.28855	-3.9557
239.01	0.28908	-3.9644
240.01	0.29663	-3.9558
241.01	0.29541	-3.9539
242.01	0.28697	-3.9548
243.01	0.29407	-3.9532
244.01	0.28832	-3.9456
245.01	0.30323	-3.9336
246.01	0.30293	-3.9614
247.01	0.30504	-3.9445
248.01	0.31309	-3.9452
249.01	0.29654	-3.9555
249.98	0.29512	-3.9541
250.98	0.30519	-3.9277
251.99	0.31388	-3.9369
252.99	0.30585	-3.9463
253.99	0.28793	-3.9544
254.99	0.28607	-3.9625
255.99	0.27921	-3.9472
256.99	0.27101	-3.9566
257.99	0.27609	-3.9878
258.99	0.28738	-3.9733
259.99	0.29688	-3.9736
260.99	0.29539	-3.954
262	0.30396	-3.9794
263	0.30593	-3.9557
264	0.30491	-3.9801
265	0.31297	-3.9633
266	0.31515	-3.9554
267	0.32191	-3.9637
268	0.32826	-3.9681
269	0.32985	-3.962
270	0.33452	-3.9408
271	0.33036	-3.9535
272.01	0.32314	-3.9726
273.01	0.32372	-3.9736
274.01	0.32813	-3.9965
275.01	0.33264	-3.9736
276.01	0.32352	-3.973
277.01	0.3385	-3.9708
278.01	0.32717	-3.9591
279.01	0.33181	-3.9728
280.01	0.32352	-3.973
281.01	0.32992	-3.9983
282.01	0.33359	-3.9743
282.98	0.33359	-3.9743
283.98	0.33708	-3.9696
284.98	0.33175	-3.9721
285.99	0.33048	-3.971
286.99	0.32546	-3.9938
287.99	0.32916	-3.9944
288.99	0.3166	-3.966
289.99	0.32986	-4.0161
290.99	0.31939	-3.9683
291.99	0.33181	-3.9728
292.99	0.33444	-3.9667
293.99	0.36638	-3.9989
294.99	0.52911	-3.9907
296	1.0155	-3.9837
297	1.3434	-3.9616
298	1.4618	-3.9548
299	1.9656	-3.84
300	2.5355	-3.638
301	3.0191	-3.368
302	3.0677	-3.3377
303	3.2178	-3.2269
304	3.2431	-3.2247
305.01	3.5359	-2.9708
306.01	3.5872	-2.9227
307.01	3.5668	-2.9732
308.01	3.5677	-2.9654
309.01	3.5543	-2.9775
310.01	3.5693	-2.9398
311.01	3.5716	-2.9499
312.01	3.5749	-2.9291
313.01	3.568	-2.9659
314.01	3.5629	-2.96
315.01	3.5741	-2.9296
315.98	3.5752	-2.9284
316.98	3.5548	-2.9702
317.98	3.5649	-2.9508
318.99	3.567	-2.9299
319.99	3.5635	-2.944
320.99	3.5639	-2.9536
321.99	3.5576	-2.9555
322.99	3.5632	-2.952
323.99	3.5633	-2.9511
324.99	3.5555	-2.9585
325.99	3.5612	-2.926
326.99	3.5667	-2.9291
327.99	3.5639	-2.9425
329	3.5568	-2.9541
330	3.5661	-2.9372
331	3.5591	-2.9392
332	3.565	-2.9207
333	3.5565	-2.9445
334	3.5606	-2.9319
335	3.5562	-2.952
336	3.5555	-2.9527
337	3.5595	-2.9395
338	3.5551	-2.9526
339.01	3.5402	-2.9735
340.01	3.537	-2.9846
341.01	3.5335	-2.992
342.01	3.5396	-2.9897
343.01	3.5367	-2.979
344.01	3.537	-2.9795
345.01	3.5537	-2.9349
346.01	3.5454	-2.971
347.01	3.5453	-2.9715
348.01	3.5364	-2.978
349.01	3.5422	-2.9843
349.98	3.5359	-2.9773
350.98	3.5459	-2.962
351.99	3.5634	-2.9443
352.99	3.576	-2.9635
353.99	3.8298	-2.6982
354.99	4.3089	-2.0574
355.99	4.6239	-1.4313
356.99	4.7997	-0.89241
357.99	4.8291	-0.83824
358.99	4.8861	-0.48243
359.99	4.9169	-0.025302
360.99	4.88	0.68343
362	4.8119	1.0653
363	4.6286	1.6478
364	3.6881	0.94033
365	3.6788	0.93187
366	3.6779	0.94855
367	3.6639	0.96324
368	3.6589	0.95059
369	3.6693	0.9858
370	3.6656	0.97058
371	3.6643	0.97192
372.01	3.6732	0.97099
373.01	3.6658	0.96089
374.01	3.6659	0.95215
375.01	3.6598	0.95814
376.01	3.6587	0.95045
377.01	3.6626	0.95631
378.01	3.6731	0.98998
379.01	3.6677	0.96792
380.01	3.6955	1.0125
381.01	3.7121	0.99501
382.01	3.7029	0.99582
382.98	3.705	1.0107
383.98	3.7193	1.0241
384.98	3.6927	0.99759
385.99	3.713	0.9945
386.99	3.7365	0.99773
387.99	3.7189	0.9803
388.99	3.7088	0.9818
389.99	3.7255	1.0177
390.99	3.7215	0.99508
391.99	3.7332	1.0279
392.99	3.7214	0.97744
393.99	3.7258	0.9996
394.99	3.7487	1.0477
396	3.75	1.1459
397	3.7484	1.1476
398	3.7601	1.18
399	3.7646	1.1584
400	3.7522	1.1624
401	3.7572	1.1477
402	3.7754	1.2015
403	3.7646	1.1768
404	3.7602	1.1913
405.01	3.7592	1.1818
406.01	3.7531	1.1785
407.01	3.76	1.1802
408.01	3.7603	1.1819
409.01	3.7668	1.2009
410.01	3.7509	1.2707
411.01	3.7435	1.243
412.01	3.7543	1.2582
413.01	3.7782	1.2526
414.01	3.7926	1.2565
415.01	3.7922	1.2647
415.98	3.7893	1.2693
416.98	3.7888	1.2593
417.98	3.7914	1.2664
418.99	3.7918	1.2572
419.99	3.7928	1.2652
420.99	3.7836	1.2742
421.99	3.7918	1.2572
422.99	3.7916	1.275
423.99	3.7829	1.2747
424.99	3.7927	1.2652
425.99	3.7903	1.2935
426.99	3.7911	1.2575
427.99	3.7911	1.2668
429	3.7905	1.2653
430	3.7906	1.2578
431	3.7911	1.2668
432	3.7928	1.2564
433	3.7926	1.2741
434	3.7915	1.275
435	3.7923	1.2664
436	3.7843	1.2819
437	3.7917	1.2737
438	3.7906	1.2668
439.01	3.8038	1.2688
440.01	3.7955	1.2533
441.01	3.7917	1.2749
442.01	3.7988	1.2587
443.01	3.7925	1.2577
444.01	3.8001	1.2741
445.01	3.8018	1.2694
446.01	3.7906	1.2763
447.01	3.8008	1.2633
448.01	3.7921	1.3278
449.01	3.8693	1.4129
449.98	3.8885	1.4204
450.98	3.8761	1.4152
451.99	3.8807	1.42
452.99	3.8826	1.4084
453.99	3.8846	1.4331
454.99	3.8773	1.4137
455.99	3.8828	1.4353
456.99	3.8812	1.4371
457.99	3.881	1.4282
458.99	3.8834	1.4342
459.99	3.8799	1.4205
460.99	3.8755	1.4163
462	3.8815	1.4183
463	3.8826	1.4081
464	3.8839	1.4337
465	3.8824	1.4355
466	3.8839	1.434
467	3.8834	1.4432
468	3.8883	1.4198
469	3.8743	1.4185
470	3.8872	1.4213
471	3.8847	1.4145
472.01	3.8859	1.4312
473.01	3.8889	1.4466
474.01	3.8919	1.4539
475.01	3.8913	1.4713
476.01	3.8914	1.4624
477.01	3.8926	1.4702
478.01	3.8929	1.4521
479.01	3.8932	1.452
480.01	3.8937	1.4509
481.01	3.895	1.45
482.01	3.8936	1.4609
482.98	3.8935	1.4699
483.98	3.8944	1.4508
484.98	3.895	1.4594
485.99	3.8935	1.4513
486.99	3.8944	1.4506
487.99	3.9077	1.4642
488.99	3.9373	1.4708
489.99	3.9441	1.4895
490.99	3.9336	1.4733
491.99	3.953	1.4891
492.99	3.9498	1.4919
493.99	3.9455	1.4705
494.99	3.9425	1.4916
496	3.9538	1.5067
497	3.953	1.4993
498	3.9613	1.5084
499	3.9483	1.4775
500	3.9528	1.5011
501	3.9692	1.5002
502	3.9612	1.4916
503	3.9526	1.5173
504	3.9637	1.5065
505.01	3.9664	1.5124
506.01	3.9711	1.5069
507.01	3.9773	1.5015
508.01	3.9715	1.5099
509.01	3.9715	1.5001
510.01	3.9605	1.5012
511.01	3.9795	1.5007
512.01	3.9615	1.5083
513.01	3.9676	1.5204
514.01	3.9621	1.5079
515.01	3.9666	1.5306
515.98	3.9556	1.5062
516.98	3.9723	1.5151
517.98	4.0112	1.5083
518.99	4.032	1.5212
519.99	4.0455	1.4808
520.99	4.0477	1.491
521.99	4.054	1.4893
522.99	4.0527	1.4877
523.99	4.0437	1.4606
524.99	4.0522	1.4601
525.99	4.0477	1.4545
526.99	4.0535	1.4509
527.99	4.0538	1.4698
529	4.0537	1.4535
530	4.0476	1.4793
531	4.069	1.4364
532	4.0623	1.4427
533	4.0688	1.3878
534	4.0693	1.346
535	4.0741	1.3452
536	4.1517	1.272
537	4.2881	1.1874
538	4.3211	1.1554
539.01	4.3322	1.1378
540.01	4.3225	1.13
541.01	4.3303	1.1189
542.01	4.3233	1.1303
543.01	4.3229	1.1197
544.01	4.3241	1.13
545.01	4.3289	1.1184
546.01	4.3229	1.1385
547.01	4.3236	1.1401
548.01	4.3292	1.1352
549.01	4.3225	1.1553
549.98	4.3231	1.1286
550.98	4.3225	1.1295
551.99	4.3243	1.1221
552.99	4.3382	1.1462
553.99	4.323	1.1211
554.99	4.3301	1.1457
555.99	4.3247	1.1308
556.99	4.3246	1.1221
557.99	4.3234	1.1306
558.99	4.3244	1.1135
559.99	4.3226	1.1482
560.99	4.3248	1.1322
562	4.3241	1.1219
563	4.324	1.1304
564	4.3233	1.12
565	4.3229	1.1303
566	4.3232	1.1296
567	4.3303	1.1392
568	4.3242	1.1318
569	4.3289	1.1282
570	4.3219	1.1294
571	4.3225	1.1194
572.01	4.3299	1.1282
573.01	4.3309	1.1285
574.01	4.3309	1.1389
575.01	4.3315	1.13
576.01	4.3225	1.121
577.01	4.3325	1.1132
578.01	4.3266	1.1159
579.01	4.3237	1.1309
580.01	4.3298	1.144
581.01	4.3239	1.1217
582.01	4.3227	1.1462
582.98	4.3261	1.1156
583.98	4.3314	1.1383
584.98	4.3482	1.1107
585.99	4.3385	1.1367
586.99	4.3406	1.1298
587.99	4.3397	1.1286
588.99	4.3418	1.1314
589.99	4.3314	1.1276
590.99	4.3321	1.1204
591.99	4.3346	1.115
592.99	4.3401	1.1116
593.99	4.3437	1.115
594.99	4.3399	1.1204
596	4.3455	1.1275
597	4.341	1.1287
598	4.3403	1.1298
599	4.3337	1.1138
