0	-0.53308	-4.0375
1.001	-1.7576	-3.8588
2.002	-2.0095	-3.2082
3.003	-2.7932	-1.1359
4.004	-3.9352	-1.0093
5.005	-3.9085	-1.0153
6.006	-3.9006	-1.0084
7.007	-3.9008	-1.0079
8.008	-3.9102	-1.0145
9.009	-3.9274	-1.0186
10.01	-3.9721	-1.0268
11.011	-3.9526	-1.02
12.012	-4.4151	-1.0505
13.013	-4.5304	-0.67547
14.014	-4.2887	-0.50293
15.015	-2.8334	-0.44646
16.016	-2.3034	1.0242
16.983	-2.1337	2.2235
17.984	-1.9116	2.5612
18.985	-1.869	3.3118
19.986	-1.9966	3.7659
20.987	-2.0026	3.8207
21.988	-2.0303	3.8317
22.989	-1.9294	3.8729
23.99	-1.9523	3.8787
24.991	-1.9677	3.8854
25.992	-1.785	3.9395
26.993	-1.7492	4.0026
27.994	-1.9843	3.7085
28.995	-2.4997	3.6316
29.996	-2.8347	3.4565
30.997	-3.1631	3.2429
31.998	-3.3226	3.1014
32.999	-3.354	3.0638
34	-3.1859	3.2131
35.001	-3.0548	3.3271
36.002	-2.9426	3.2867
37.003	-2.9494	3.2885
38.004	-2.9461	3.294
39.005	-2.9515	3.2893
40.006	-2.9431	3.296
41.007	-2.9498	3.2922
42.008	-2.9435	3.2903
43.009	-2.9511	3.2972
44.01	-2.9408	3.2889
45.011	-2.9432	3.2901
46.012	-2.9401	3.2912
47.013	-2.9451	3.2964
48.014	-2.9241	3.297
49.015	-2.9135	3.297
50.016	-2.923	3.2917
50.984	-2.6035	3.1466
51.985	-2.5624	2.9692
52.986	-2.4761	2.5227
53.987	-2.5218	2.4015
54.988	-2.6198	2.3783
55.989	-2.8202	2.3661
56.99	-2.7733	2.7824
57.991	-2.8463	2.9168
58.992	-2.8455	2.9098
59.993	-2.8388	2.9169
60.994	-2.8444	2.9186
61.995	-2.839	2.9158
62.996	-2.8634	2.938
63.997	-2.8709	2.9385
64.998	-2.8651	2.9674
65.999	-2.8884	2.9477
67	-2.9004	2.9709
68.001	-2.9006	2.9704
69.002	-2.8931	2.988
70.003	-2.8925	2.9718
71.004	-2.8728	2.9543
72.005	-2.9124	2.9973
73.006	-2.9132	2.9971
74.007	-2.9193	2.9967
75.008	-2.9263	2.9989
76.009	-2.9452	2.9834
77.01	-3.0306	2.9418
78.011	-3.4022	2.7356
79.012	-3.4052	2.6838
80.013	-3.419	2.8468
81.014	-3.3548	2.9442
82.015	-3.3524	2.9348
83.016	-3.346	2.9309
83.983	-3.3457	2.9437
84.984	-3.36	2.9401
85.985	-3.3556	2.9212
86.986	-3.3552	2.9313
87.987	-3.3546	2.9348
88.988	-3.3654	2.9147
89.989	-3.363	2.9209
90.99	-3.3666	2.9081
91.991	-3.3589	2.9263
92.992	-3.3502	2.923
93.993	-3.3512	2.9165
94.994	-3.3557	2.9141
95.995	-3.3596	2.9074
96.996	-3.359	2.9073
97.997	-3.3592	2.9143
98.998	-3.3589	2.914
100	-3.3586	2.9136
101	-3.3586	2.9078
102	-3.3588	2.9141
103	-3.3561	2.9211
104	-3.3561	2.9211
105.01	-3.3582	2.914
106.01	-3.3499	2.9163
107.01	-3.3535	2.9351
108.01	-3.3407	2.935
109.01	-3.3447	2.9323
110.01	-3.3384	2.9432
111.01	-3.3292	2.9454
112.01	-3.3285	2.9487
113.01	-3.3402	2.9435
114.01	-3.3404	2.9361
114.98	-3.3479	2.9399
115.98	-3.3595	2.9307
116.98	-3.3593	2.9476
117.98	-3.3436	2.9581
118.99	-3.3452	2.9495
119.99	-3.3374	2.9589
120.99	-3.3425	2.9597
121.99	-3.3377	2.9642
122.99	-3.3377	2.9641
123.99	-3.3433	2.9647
124.99	-3.3432	2.9644
125.99	-3.3376	2.9661
126.99	-3.3428	2.9602
127.99	-3.3431	2.9662
129	-3.3412	2.9679
130	-3.3422	2.9667
131	-3.3446	2.9599
132	-3.3361	2.975
133	-3.3369	2.9684
134	-3.3351	2.9742
135	-3.3366	2.9759
136	-3.3348	2.9802
137	-3.3369	2.9784
138	-3.3423	2.9762
139.01	-3.3483	2.9731
140.01	-3.3503	2.967
141.01	-3.3388	2.9939
142.01	-3.3496	2.9748
143.01	-3.344	2.9961
144.01	-3.1891	3.0891
145.01	-2.939	3.2195
146.01	-2.2609	3.3982
147.01	-1.9336	3.3218
148.01	-1.3785	3.459
149.01	-0.87587	3.5673
149.98	-0.71042	3.6108
150.98	-0.68601	3.6206
151.99	-0.58732	3.7055
152.99	-0.75326	3.83
153.99	-0.86988	4.039
154.99	-0.88741	4.0358
155.99	-0.88799	4.0377
156.99	-0.87918	4.0492
157.99	-0.88423	4.0607
158.99	-0.88237	4.0483
159.99	-0.87142	4.0591
160.99	-0.87477	4.0632
162	-0.86494	4.0507
163	-0.86645	4.0677
164	-0.86081	4.0759
165	-0.82861	4.074
166	-0.82709	4.0767
167	-0.82228	4.0707
168	-0.81581	4.0748
169	-0.82836	4.0787
170	-0.81181	4.0764
171	-0.82323	4.0785
172.01	-0.82015	4.0849
173.01	-0.81024	4.0753
174.01	-0.81077	4.0801
175.01	-0.81041	4.0804
176.01	-0.79142	4.0913
177.01	-0.79761	4.085
178.01	-0.81131	4.0908
179.01	-0.81441	4.1003
180.01	-0.78287	4.0866
181.01	-0.78695	4.0946
182.01	-0.79433	4.0908
182.98	-0.76895	4.0944
183.98	-0.78933	4.0935
184.98	-0.7859	4.0942
185.99	-0.79509	4.1038
186.99	-0.78004	4.0989
187.99	-0.77151	4.0862
188.99	-0.77016	4.0915
189.99	-0.76826	4.0828
190.99	-0.77286	4.0876
191.99	-0.7588	4.0854
192.99	-0.74774	4.0927
193.99	-0.75851	4.0831
194.99	-0.75203	4.0937
196	-0.75933	4.0933
197	-0.77252	4.1013
198	-0.74452	4.1037
199	-0.76524	4.1005
200	-0.7156	4.0936
201	-0.73978	4.1018
202	-0.74025	4.1086
203	-0.75496	4.1096
204	-0.74051	4.1164
205.01	-0.75917	4.1301
206.01	-0.73069	4.1312
207.01	-0.73395	4.1293
208.01	-0.72365	4.1141
209.01	-0.73837	4.0966
210.01	-0.75228	4.0944
211.01	-0.75742	4.0942
212.01	-0.75163	4.0947
213.01	-0.75205	4.0942
214.01	-0.76005	4.1091
215.01	-0.75424	4.1034
215.98	-0.74554	4.0879
216.98	-0.75896	4.0949
217.98	-0.75493	4.1029
218.99	-0.73262	4.0829
219.99	-0.74904	4.0893
220.99	-0.74684	4.0833
221.99	-0.761	4.103
222.99	-0.75978	4.092
223.99	-0.76457	4.0907
224.99	-0.763	4.0987
225.99	-0.75224	4.0947
226.99	-0.74318	4.0963
227.99	-0.7553	4.1073
229	-0.72435	4.1271
230	-0.74242	4.1066
231	-0.74163	4.1193
232	-0.73997	4.1308
233	-0.73576	4.1323
234	-0.7491	4.1215
235	-0.75373	4.1235
236	-0.74307	4.1326
237	-0.75404	4.1321
238	-0.73908	4.1385
239.01	-0.74551	4.1345
240.01	-0.75178	4.1324
241.01	-0.7551	4.1349
242.01	-0.75498	4.1345
243.01	-0.7551	4.1348
244.01	-0.74295	4.1408
245.01	-0.75903	4.1209
246.01	-0.75461	4.134
247.01	-0.75223	4.1207
248.01	-0.75951	4.1229
249.01	-0.75389	4.1349
249.98	-0.75473	4.1334
250.98	-0.78912	4.1316
251.99	-0.78664	4.1345
252.99	-0.78526	4.1344
253.99	-0.79089	4.1331
254.99	-0.80128	4.113
255.99	-0.80114	4.1064
256.99	-0.80642	4.1026
257.99	-0.80472	4.1039
258.99	-0.82662	4.093
259.99	-0.84192	4.0986
260.99	-0.85115	4.054
262	-0.83464	4.0503
263	-0.9162	4.0323
264	-1.2133	4.0345
265	-1.2297	3.9968
266	-1.3672	3.9182
267	-1.4498	3.9063
268	-1.4287	3.9206
269	-1.2729	3.791
270	-1.0805	3.5218
271	-1.2158	3.3414
272.01	-1.1517	3.4931
273.01	-1.5226	3.5698
274.01	-1.8154	3.3812
275.01	-2.2875	2.897
276.01	-2.6873	2.4783
277.01	-3.0698	2.088
278.01	-3.1361	1.964
279.01	-3.5569	2.0093
280.01	-3.6184	2.0738
281.01	-3.6198	2.0726
282.01	-3.7372	2.2164
282.98	-3.8088	2.297
283.98	-3.8253	2.4566
284.98	-3.8887	2.3254
285.99	-3.9909	2.3006
286.99	-4.0387	2.2267
287.99	-4.0342	2.2428
288.99	-4.0432	2.2333
289.99	-4.0432	2.2333
290.99	-4.0486	2.2187
291.99	-4.0469	2.2229
292.99	-4.0394	2.225
293.99	-4.033	2.239
294.99	-4.0421	2.2376
296	-4.0341	2.2404
297	-4.0341	2.2392
298	-4.0404	2.2346
299	-4.0408	2.235
300	-4.0341	2.2327
301	-4.0307	2.2384
302	-4.0368	2.2308
303	-3.9646	2.2812
304	-3.9452	2.2798
305.01	-3.9457	2.2799
306.01	-3.9473	2.2796
307.01	-3.9448	2.29
308.01	-3.9464	2.2868
309.01	-3.9449	2.291
310.01	-3.9426	2.298
311.01	-3.9368	2.295
312.01	-3.941	2.2993
313.01	-3.9442	2.2933
314.01	-3.9423	2.2863
315.01	-3.9419	2.294
315.98	-3.9362	2.305
316.98	-3.9216	2.297
317.98	-3.9188	2.313
318.99	-3.9201	2.3031
319.99	-3.9197	2.3019
320.99	-3.9168	2.3052
321.99	-3.9167	2.3062
322.99	-3.9176	2.308
323.99	-3.914	2.3049
324.99	-3.9135	2.3152
325.99	-3.9124	2.324
326.99	-3.9135	2.3337
327.99	-3.9141	2.3314
329	-3.9141	2.3333
330	-3.9113	2.3344
331	-3.9142	2.3371
332	-3.9153	2.3356
333	-3.9153	2.3373
334	-3.919	2.33
335	-3.9158	2.335
336	-3.9161	2.3346
337	-3.9129	2.3486
338	-3.903	2.3523
339.01	-3.9079	2.351
340.01	-3.9113	2.3456
341.01	-3.9107	2.3474
342.01	-3.898	2.3575
343.01	-3.889	2.3712
344.01	-3.8927	2.3557
345.01	-3.8939	2.3735
346.01	-3.8941	2.3699
347.01	-3.8973	2.361
348.01	-3.8959	2.3641
349.01	-3.8968	2.3657
349.98	-3.8954	2.3698
350.98	-3.8949	2.368
351.99	-3.8888	2.3742
352.99	-3.8886	2.3755
353.99	-3.8909	2.3844
354.99	-3.8948	2.3679
355.99	-3.887	2.3929
356.99	-3.8889	2.3903
357.99	-3.8872	2.3993
358.99	-3.8911	2.3891
359.99	-3.8891	2.3938
360.99	-3.8996	2.3869
362	-3.8826	2.3313
363	-3.8913	2.3107
364	-3.8972	2.3077
365	-3.9072	2.3076
366	-3.9064	2.3066
367	-3.9089	2.3067
368	-3.9074	2.3016
369	-3.9085	2.3102
370	-3.9072	2.3004
371	-3.9099	2.2947
372.01	-3.9124	2.2925
373.01	-3.905	2.31
374.01	-3.9068	2.3079
375.01	-3.9051	2.3115
376.01	-3.9059	2.312
377.01	-3.9062	2.3294
378.01	-3.9114	2.3436
379.01	-3.9113	2.3404
380.01	-3.9119	2.3423
381.01	-3.9126	2.3396
382.01	-3.9071	2.3385
382.98	-3.907	2.3374
383.98	-3.9119	2.3419
384.98	-3.9117	2.342
385.99	-3.9129	2.339
386.99	-3.9135	2.3311
387.99	-3.9138	2.331
388.99	-3.9133	2.3385
389.99	-3.9154	2.3293
390.99	-3.9125	2.3416
391.99	-3.9129	2.34
392.99	-3.9148	2.3309
393.99	-3.9154	2.3373
394.99	-3.9128	2.3415
396	-3.9148	2.3374
397	-3.9139	2.3395
398	-3.9148	2.3374
399	-3.9146	2.3328
400	-3.9153	2.3393
401	-3.9162	2.3359
402	-3.9153	2.3372
403	-3.9159	2.3294
404	-3.9162	2.329
405.01	-3.9197	2.3288
406.01	-3.9181	2.3271
407.01	-3.9159	2.3391
408.01	-3.9161	2.3363
409.01	-3.9076	2.337
410.01	-3.8821	2.3581
411.01	-3.89	2.3722
412.01	-3.8887	2.3735
413.01	-3.8874	2.3595
414.01	-3.8878	2.3588
415.01	-3.8839	2.3704
415.98	-3.8893	2.3567
416.98	-3.8834	2.3561
417.98	-3.8895	2.3536
418.99	-3.8906	2.3693
419.99	-3.8885	2.3597
420.99	-3.8846	2.3698
421.99	-3.8894	2.3572
422.99	-3.887	2.3586
423.99	-3.8891	2.3577
424.99	-3.8901	2.3697
425.99	-3.891	2.3715
426.99	-3.8837	2.3529
427.99	-3.8823	2.3526
429	-3.8838	2.3507
430	-3.8833	2.3513
431	-3.8907	2.3508
432	-3.8802	2.3293
433	-3.8998	2.299
434	-3.9149	2.3001
435	-3.9209	2.2951
436	-3.9329	2.2794
437	-3.9257	2.2653
438	-3.9285	2.2636
439.01	-3.9339	2.2656
440.01	-3.927	2.265
441.01	-3.9272	2.2647
442.01	-3.9323	2.2633
443.01	-3.9304	2.2642
444.01	-3.9292	2.2612
445.01	-3.9214	2.2616
446.01	-3.9299	2.2678
447.01	-3.9274	2.2614
448.01	-3.9243	2.2573
449.01	-3.93	2.2602
449.98	-3.9321	2.2583
450.98	-3.925	2.2573
451.99	-3.9311	2.2598
452.99	-3.9414	2.239
453.99	-3.933	2.2272
454.99	-3.9357	2.2252
455.99	-3.9357	2.2252
456.99	-3.9379	2.2352
457.99	-3.9431	2.2252
458.99	-3.9432	2.2328
459.99	-3.9447	2.2243
460.99	-3.9437	2.22
462	-3.9433	2.225
463	-3.9426	2.2248
464	-3.9502	2.2218
465	-3.9454	2.2184
466	-3.9447	2.2117
467	-3.9432	2.2124
468	-3.951	2.2207
469	-3.9502	2.2247
470	-3.9518	2.2197
471	-3.9455	2.2117
472.01	-3.9448	2.2184
473.01	-3.947	2.2143
474.01	-3.9619	2.1762
475.01	-3.9727	2.1756
476.01	-3.9681	2.1747
477.01	-3.969	2.173
478.01	-3.9623	2.1651
479.01	-3.9622	2.1655
480.01	-3.9731	2.1072
481.01	-3.9723	2.0452
482.01	-3.9893	2.0346
482.98	-3.9256	2.1088
483.98	-3.9333	2.2211
484.98	-3.9344	2.2192
485.99	-3.9337	2.1982
486.99	-3.9337	2.2206
487.99	-3.9337	2.2206
488.99	-3.9335	2.2208
489.99	-3.9334	2.2211
490.99	-3.9332	2.2214
491.99	-3.934	2.2221
492.99	-3.9338	2.2214
493.99	-3.934	2.2221
494.99	-3.931	2.2604
496	-3.9166	2.295
497	-3.8296	2.4307
498	-3.7763	2.525
499	-3.7513	2.5529
500	-3.7518	2.5444
501	-3.7523	2.5366
502	-3.7525	2.5448
503	-3.7542	2.5359
504	-3.753	2.5425
505.01	-3.7442	2.5395
506.01	-3.7344	2.5597
507.01	-3.7023	2.5979
508.01	-3.7012	2.6034
509.01	-3.7013	2.6034
510.01	-3.6984	2.6105
511.01	-3.6531	2.6411
512.01	-3.5869	2.7314
513.01	-3.4954	2.8105
514.01	-3.4461	2.8707
515.01	-3.4241	2.9171
515.98	-3.3965	2.9368
516.98	-3.4151	2.9103
517.98	-3.4217	2.9074
518.99	-3.4098	2.9035
519.99	-3.4226	2.8967
520.99	-3.403	2.905
521.99	-3.4234	2.8919
522.99	-3.4357	2.904
523.99	-3.4406	2.9019
524.99	-3.4328	2.9026
525.99	-3.4426	2.9008
526.99	-3.4365	2.8934
527.99	-3.4382	2.888
529	-3.4368	2.8929
530	-3.4428	2.882
531	-3.4518	2.8848
532	-3.4543	2.8775
533	-3.4535	2.8769
534	-3.4517	2.8837
535	-3.4479	2.8799
536	-3.4624	2.87
537	-3.4644	2.8626
538	-3.456	2.8701
539.01	-3.4563	2.8708
540.01	-3.4617	2.8689
541.01	-3.4628	2.8692
542.01	-3.4555	2.8769
543.01	-3.4559	2.8706
544.01	-3.457	2.8707
545.01	-3.4572	2.8711
546.01	-3.47	2.8659
547.01	-3.4747	2.8538
548.01	-3.4793	2.851
549.01	-3.4807	2.8515
549.98	-3.4808	2.8523
550.98	-3.4857	2.8501
551.99	-3.4712	2.8624
552.99	-3.469	2.8674
553.99	-3.4722	2.8634
554.99	-3.4697	2.8684
555.99	-3.471	2.862
556.99	-3.4698	2.8679
557.99	-3.4697	2.8679
558.99	-3.4757	2.8663
559.99	-3.4632	2.8922
560.99	-3.46	2.8928
562	-3.4679	2.8909
563	-3.4669	2.8899
564	-3.4669	2.8899
565	-3.4667	2.8907
566	-3.4452	2.8975
567	-3.4433	2.8957
568	-3.4504	2.8877
569	-3.4369	2.8974
570	-3.4376	2.8989
571	-3.429	2.9065
572.01	-3.4226	2.9099
573.01	-3.4188	2.911
574.01	-3.4273	2.9012
575.01	-3.4346	2.902
576.01	-3.4276	2.9138
577.01	-3.4374	2.9009
578.01	-3.4308	2.9089
579.01	-3.4253	2.8969
580.01	-3.436	2.8926
581.01	-3.4408	2.8982
582.01	-3.4444	2.8826
582.98	-3.4432	2.8921
583.98	-3.4433	2.8902
584.98	-3.4436	2.8905
585.99	-3.4502	2.889
586.99	-3.4605	2.8801
587.99	-3.4519	2.881
588.99	-3.4511	2.8749
589.99	-3.4521	2.8673
590.99	-3.4548	2.8816
591.99	-3.4579	2.8794
592.99	-3.4597	2.8784
593.99	-3.4652	2.8788
594.99	-3.4646	2.8722
596	-3.4673	2.8766
597	-3.4648	2.8855
598	-3.4641	2.8877
598.97	-3.4404	2.8994
