0	-1.2542	4.1213
1.001	-2.7193	3.5705
2.002	-4.1752	1.8631
3.003	-4.6159	-0.44296
4.004	-4.019	-2.2795
5.005	-2.6416	-3.7328
6.006	-0.32454	-4.4287
7.007	1.778	-3.9456
8.008	3.2395	-2.7219
9.009	4.0502	-0.96909
10.01	4.0326	0.92341
11.011	3.3996	2.335
12.012	1.7458	3.8781
13.013	-0.081291	4.327
14.014	-1.7233	4.0769
15.015	-2.8842	3.4437
16.016	-4.2799	1.6229
16.983	-4.5979	-0.5555
17.984	-3.5504	-2.9386
18.985	-1.4145	-4.2871
19.986	0.59484	-4.3586
20.987	1.5781	-4.0436
21.988	3.2348	-2.7281
22.989	4.1039	-0.67266
23.99	3.8947	1.4117
24.991	3.2357	2.603
25.992	1.6955	3.8816
26.993	-0.95235	4.2632
27.994	-2.2865	3.8264
28.995	-4.0362	2.1331
29.996	-4.6094	0.18148
30.997	-4.3196	-1.6855
31.998	-2.7346	-3.6675
32.999	-0.39261	-4.4277
34	-0.07852	-4.427
35.001	0.66268	-4.3091
36.002	1.7041	-3.5785
37.003	1.7247	-3.652
38.004	2.2468	-3.6358
39.005	1.6739	-3.3192
40.006	1.6853	-3.2134
41.007	1.677	-3.2299
42.008	1.6389	-3.1716
43.009	1.8299	-3.0854
44.01	1.8047	-3.106
45.011	1.9489	-3.0177
46.012	1.9615	-3.0062
47.013	2.6831	-3.3075
48.014	3.0009	-3.0195
49.015	3.9933	-1.175
50.016	4.098	0.5543
50.984	3.2925	2.5323
51.985	2.745	3.1397
52.986	2.7003	3.1851
53.987	1.2258	4.0908
54.988	-0.66715	4.3062
55.989	-2.6191	3.6157
56.99	-4.1862	1.8437
57.991	-4.6093	-0.08247
58.992	-3.6185	-2.8483
59.993	-1.1896	-4.3358
60.994	0.98759	-4.2724
61.995	2.6304	-3.3547
62.996	3.3862	-2.5152
63.997	3.38	-2.4934
64.998	3.3861	-2.4889
65.999	3.3806	-2.4894
67	4.0268	-1.0584
68.001	3.8776	1.4605
69.002	2.8678	3.049
70.003	1.7121	3.8825
71.004	-0.36449	4.3268
72.005	-2.2458	3.8215
73.006	-3.7179	2.609
74.007	-4.5941	0.37429
75.008	-3.9811	-2.3393
76.009	-2.1122	-4.0133
77.01	0.61492	-4.3548
78.011	2.812	-3.2086
79.012	3.8715	-1.5566
80.013	4.129	0.13925
81.014	3.3816	2.4183
82.015	2.2075	3.5869
83.016	1.0247	3.5474
83.983	0.31269	4.2876
84.984	0.22726	4.1622
85.985	-0.85932	3.8794
86.986	-0.81653	4.2747
87.987	-0.55974	4.3346
88.988	-0.09603	4.3439
89.989	0.47512	4.2794
90.99	1.5455	3.9647
91.991	2.2142	3.5707
92.992	2.9723	2.9636
93.993	3.3404	2.499
94.994	4.0324	0.96826
95.995	4.1261	-0.23848
96.996	4.0775	-0.78772
97.997	3.8918	-1.537
98.998	3.5157	-2.3154
100	2.7351	-3.2795
101	0.93449	-4.2848
102	0.51572	-4.3687
103	0.51667	-4.3665
104	0.55044	-4.366
105.01	0.55316	-4.3647
106.01	0.55607	-4.3655
107.01	0.55739	-4.3662
108.01	0.55297	-4.3667
109.01	0.45168	-4.3841
110.01	0.45396	-4.3858
111.01	0.48376	-4.3765
112.01	0.47677	-4.3731
113.01	0.46655	-4.3725
114.01	0.48319	-4.3716
114.98	0.47999	-4.3648
115.98	0.4812	-4.3663
116.98	0.48215	-4.3639
117.98	0.47137	-4.3544
118.99	0.4561	-4.3735
119.99	0.45174	-4.3758
120.99	0.45014	-4.3675
121.99	0.44779	-4.3739
122.99	0.45634	-4.3565
123.99	0.43815	-4.3625
124.99	0.45434	-4.3679
125.99	0.46274	-4.361
126.99	0.49026	-4.3747
127.99	-0.32117	-4.4279
129	-1.7769	-4.1645
130	-3.0745	-3.4041
131	-3.8061	-2.6148
132	-4.3945	-1.4741
133	-4.6118	0.0074659
134	-4.3556	1.431
135	-3.591	2.6708
136	-2.596	3.6118
137	-1.3771	4.1407
138	-0.83587	4.2937
139.01	0.3582	4.2845
140.01	1.8456	3.8127
141.01	2.9414	2.9873
142.01	3.8785	1.4631
143.01	4.1407	-0.12562
144.01	3.8386	-1.6537
145.01	3.2051	-2.7488
146.01	1.8155	-3.9108
147.01	0.09389	-4.4136
148.01	-0.46486	-4.4205
149.01	-1.4699	-4.2483
149.98	-2.433	-3.84
150.98	-3.2989	-3.1862
151.99	-3.644	-2.8181
152.99	-3.6512	-2.832
153.99	-3.6528	-2.831
154.99	-3.6421	-2.8481
155.99	-3.6489	-2.8371
156.99	-3.6422	-2.8469
157.99	-3.6389	-2.8506
158.99	-3.6375	-2.8508
159.99	-3.6405	-2.8484
160.99	-3.6478	-2.842
162	-3.6508	-2.8286
163	-3.7091	-2.745
164	-3.6974	-2.7474
165	-3.6857	-2.7514
166	-3.6932	-2.7422
167	-3.6927	-2.736
168	-3.6901	-2.726
169	-3.6977	-2.7298
170	-3.6929	-2.7365
171	-3.6997	-2.7333
172.01	-3.7119	-2.7167
173.01	-3.6997	-2.7322
174.01	-3.7108	-2.7238
175.01	-3.7159	-2.724
176.01	-3.716	-2.7245
177.01	-3.71	-2.7339
178.01	-3.7031	-2.7339
179.01	-3.6971	-2.7322
180.01	-3.7743	-2.6612
181.01	-4.0435	-2.2334
182.01	-4.452	-1.2846
182.98	-4.6105	0.0021537
183.98	-4.4858	0.9903
184.98	-4.1059	1.9737
185.99	-3.6735	2.623
186.99	-2.8103	3.4836
187.99	-1.5801	4.1139
188.99	-0.4453	4.3176
189.99	1.3038	4.0386
190.99	3.0465	2.8337
191.99	3.823	1.6147
192.99	4.1357	-0.26877
193.99	3.6364	-2.0866
194.99	2.2135	-3.6903
196	0.18628	-4.4093
197	-0.26219	-4.4281
198	-1.5391	-4.2419
199	-3.4158	-3.0912
200	-4.1369	-2.0669
201	-4.5687	-0.72318
202	-4.4719	1.0149
203	-3.8646	2.3531
204	-3.0094	3.2966
205.01	-2.3641	3.7518
206.01	-1.634	4.0916
207.01	-1.1737	4.2091
208.01	-0.54061	4.3316
209.01	0.53255	4.2565
210.01	1.9824	3.7414
211.01	2.943	2.9549
212.01	3.9243	1.3324
213.01	4.1352	-0.22241
214.01	3.8706	-1.525
215.01	3.2776	-2.6676
215.98	2.7651	-3.2502
216.98	1.356	-4.1341
217.98	-0.44148	-4.4236
218.99	-2.2159	-3.9664
219.99	-3.7878	-2.6339
220.99	-4.3136	-1.6667
221.99	-4.6135	0.037366
222.99	-4.3516	1.4068
223.99	-3.6942	2.6152
224.99	-2.9958	3.336
225.99	-3.0118	3.3256
226.99	-3.0153	3.3317
227.99	-3.0284	3.327
229	-3.0287	3.3179
230	-3.0333	3.3217
231	-3.0229	3.3181
232	-3.0253	3.3211
233	-3.0192	3.3242
234	-2.9712	3.2869
235	-1.5453	3.2124
236	0.83784	4.1315
237	2.4992	2.9098
238	3.1481	2.1743
239.01	3.1607	2.0328
240.01	2.7216	1.6489
241.01	2.3009	1.1993
242.01	1.828	0.67633
243.01	2.5356	1.5402
244.01	3.1559	2.6209
245.01	2.8357	3.0857
246.01	2.0911	3.6596
247.01	0.73042	4.217
248.01	-0.6419	4.2963
249.01	-1.8402	4.0085
249.98	-2.5593	3.6477
250.98	-3.5819	2.7427
251.99	-4.3256	1.5199
252.99	-4.6122	-0.28229
253.99	-4.2589	-1.8308
254.99	-2.9458	-3.5152
255.99	-1.8328	-4.1457
256.99	-1.7884	-4.1694
257.99	-1.7279	-4.1873
258.99	-1.7222	-4.1919
259.99	-1.7312	-4.1889
260.99	-1.7485	-4.1838
262	-1.7525	-4.1837
263	-1.7222	-4.1919
264	-1.1227	-4.3413
265	-0.21616	-4.422
266	1.3943	-4.1156
267	2.5945	-3.3916
268	3.2177	-2.7382
269	3.7032	-1.9358
270	3.9804	-1.1502
271	4.1176	-0.30268
272.01	4.0159	0.95368
273.01	3.466	2.2589
274.01	2.7963	3.0246
275.01	2.2873	3.4778
276.01	2.2114	3.6035
277.01	1.8775	3.809
278.01	0.81631	4.2096
279.01	-0.58172	4.314
280.01	-1.7822	4.0279
281.01	-3.1694	3.183
282.01	-4.2027	1.7996
282.98	-4.5945	0.29489
283.98	-4.4904	-1.1381
284.98	-4.4486	-1.3372
285.99	-4.4553	-1.3154
286.99	-4.4545	-1.3166
287.99	-4.4541	-1.3169
288.99	-4.4583	-1.3035
289.99	-4.4566	-1.3012
290.99	-4.4559	-1.3
291.99	-4.4581	-1.2971
292.99	-4.4557	-1.2936
293.99	-4.4107	-1.3947
294.99	-4.1706	-2.008
296	-3.1584	-3.3293
297	-2.3517	-3.8962
298	-1.5969	-4.2137
299	-1.1317	-4.341
300	-0.52003	-4.4105
301	-0.56076	-4.3217
302	-0.75965	-4.3454
303	-0.85919	-4.3909
304	-0.85088	-4.3923
305.01	-0.86548	-4.3991
306.01	-0.86729	-4.3913
307.01	-0.86	-4.3924
308.01	-0.86735	-4.3845
309.01	-0.86735	-4.3845
310.01	-0.86778	-4.3827
311.01	-0.84986	-4.399
312.01	-0.85247	-4.393
313.01	-0.84412	-4.3966
314.01	-0.84913	-4.3929
315.01	-0.857	-4.3934
315.98	-0.85198	-4.3928
316.98	-0.85199	-4.3922
317.98	-0.85312	-4.3934
318.99	-0.85312	-4.3934
319.99	-0.85125	-4.3908
320.99	-0.85964	-4.3905
321.99	-0.85088	-4.393
322.99	-0.84508	-4.3934
323.99	-0.85133	-4.3919
324.99	-0.84961	-4.4005
325.99	-0.8495	-4.4005
326.99	-0.84366	-4.4019
327.99	-0.85713	-4.4024
329	-0.85269	-4.4042
330	-0.85787	-4.4011
331	-0.85772	-4.4022
332	-0.85714	-4.4005
333	-0.85179	-4.4026
334	-0.85825	-4.3959
335	-0.85809	-4.3952
336	-0.85951	-4.394
337	-0.85913	-4.3965
338	-0.859	-4.3944
339.01	-0.85851	-4.3941
340.01	-0.85453	-4.3942
341.01	-0.85127	-4.3993
342.01	-0.74326	-4.4142
343.01	-0.27177	-4.4246
344.01	0.68603	-4.335
345.01	1.941	-3.8587
346.01	3.0005	-3.0079
347.01	3.5695	-2.1796
348.01	3.9857	-1.2222
349.01	3.9509	-1.371
349.98	3.85	-1.6308
350.98	3.9342	-1.3863
351.99	3.9356	-1.3726
352.99	3.9336	-1.3564
353.99	3.9252	-1.356
354.99	3.9241	-1.3561
355.99	4.1048	-0.55752
356.99	3.9995	1.0205
357.99	3.5373	2.1457
358.99	2.8679	3.0125
359.99	2.252	3.4966
360.99	0.61597	4.0767
362	-0.95647	4.0304
363	-0.79582	3.1486
364	-1.5885	3.9988
365	-2.051	3.9217
366	-2.2957	3.7991
367	-2.0593	3.9142
368	-1.3777	4.1811
369	-0.59186	4.308
370	0.40329	4.2839
371	1.2919	4.0704
372.01	2.0735	3.6887
373.01	2.9945	2.9358
374.01	3.2568	2.6047
375.01	3.7607	1.7603
376.01	4.0674	0.69193
377.01	4.1297	-0.011865
378.01	4.0759	-0.77194
379.01	3.8772	-1.5779
380.01	3.7004	-1.982
381.01	3.7063	-1.9729
382.01	3.7537	-1.8766
382.98	3.8383	-1.7014
383.98	3.9845	-1.2371
384.98	4.1208	-0.45878
385.99	4.1336	-0.15438
386.99	4.0479	0.87067
387.99	3.5828	2.0419
388.99	3.139	2.7518
389.99	2.4852	3.3918
390.99	1.5125	3.9554
391.99	0.76631	4.2083
392.99	-0.68895	4.2857
393.99	-1.8824	3.9886
394.99	-3.47	2.8958
396	-4.4561	1.1124
397	-4.6	-0.3711
398	-4.3364	-1.6442
399	-4.2837	-1.7819
400	-4.2813	-1.785
401	-4.2755	-1.7968
402	-4.2805	-1.789
403	-4.2778	-1.8014
404	-4.2694	-1.8001
405.01	-4.2555	-1.8372
406.01	-4.2715	-1.734
407.01	-4.2026	-1.9402
408.01	-3.6137	-2.8632
409.01	-2.4316	-3.8485
410.01	-1.1741	-4.3329
411.01	-0.34905	-4.4207
412.01	0.98085	-4.2707
413.01	2.1196	-3.7428
414.01	3.0371	-2.947
415.01	3.2298	-2.7279
415.98	3.2249	-2.7319
416.98	3.2194	-2.7431
417.98	3.2197	-2.7402
418.99	3.2232	-2.7399
419.99	3.2139	-2.7535
420.99	3.2234	-2.7389
421.99	3.2194	-2.7436
422.99	3.2264	-2.7344
423.99	3.2185	-2.7459
424.99	3.2202	-2.7396
425.99	3.2104	-2.7582
426.99	3.2154	-2.7484
427.99	3.2083	-2.7577
429	3.2077	-2.7607
430	3.2073	-2.7585
431	3.2079	-2.7542
432	3.2088	-2.7593
433	3.2053	-2.764
434	3.2073	-2.7596
435	3.2085	-2.7545
436	3.2088	-2.7536
437	3.2099	-2.7514
438	3.2018	-2.7623
439.01	3.2085	-2.7502
440.01	3.2104	-2.7508
441.01	3.2011	-2.7724
442.01	3.2443	-2.7286
443.01	3.2444	-2.721
444.01	3.2384	-2.726
445.01	3.2276	-2.7378
446.01	3.2221	-2.7446
447.01	3.2273	-2.7323
448.01	3.2273	-2.7305
449.01	3.2225	-2.7366
449.98	3.2208	-2.7403
450.98	3.2174	-2.7413
451.99	3.2219	-2.738
452.99	3.2219	-2.7334
453.99	3.2154	-2.7432
454.99	3.2202	-2.7357
455.99	3.2173	-2.7421
456.99	3.22	-2.7342
457.99	3.2171	-2.7389
458.99	3.2199	-2.7333
459.99	3.2146	-2.7366
460.99	3.2218	-2.7322
462	3.2178	-2.7404
463	3.2177	-2.7393
464	3.2153	-2.7427
465	3.2168	-2.7382
466	3.2128	-2.7392
467	3.214	-2.7399
468	3.2156	-2.7422
469	3.2192	-2.7326
470	3.2075	-2.7474
471	3.2183	-2.7359
472.01	3.2073	-2.7406
473.01	3.2151	-2.7398
474.01	3.2168	-2.7384
475.01	3.2141	-2.7382
476.01	3.2121	-2.7418
477.01	3.2169	-2.7407
478.01	3.2087	-2.7415
479.01	3.217	-2.7367
480.01	3.2133	-2.7379
481.01	3.2119	-2.7412
482.01	3.212	-2.7395
482.98	3.2133	-2.7411
483.98	3.2125	-2.7469
484.98	3.2165	-2.7406
485.99	3.206	-2.7444
486.99	3.2164	-2.7379
487.99	3.2111	-2.7429
488.99	3.2126	-2.7426
489.99	3.212	-2.7363
490.99	3.2125	-2.7411
491.99	3.2107	-2.7424
492.99	3.2105	-2.7415
493.99	3.2151	-2.7397
494.99	3.2129	-2.741
496	3.2072	-2.7455
497	3.2098	-2.7424
498	3.2109	-2.7398
499	3.2094	-2.7423
500	3.2114	-2.739
501	3.2105	-2.7427
502	3.2101	-2.7418
503	3.2115	-2.7429
504	3.2082	-2.7425
505.01	3.2087	-2.7453
506.01	3.2039	-2.7443
507.01	3.2127	-2.741
508.01	3.2071	-2.7433
509.01	3.1971	-2.7516
510.01	3.2037	-2.7455
511.01	3.2065	-2.744
512.01	3.2075	-2.743
513.01	3.2042	-2.746
514.01	3.2026	-2.7458
515.01	3.2064	-2.743
515.98	3.2024	-2.7459
516.98	3.1999	-2.7497
517.98	3.203	-2.7445
518.99	3.203	-2.745
519.99	3.2029	-2.7454
520.99	3.1992	-2.7498
521.99	3.1971	-2.7487
522.99	3.2005	-2.7495
523.99	3.195	-2.7513
524.99	3.1975	-2.7484
525.99	3.195	-2.752
526.99	3.1944	-2.7528
527.99	3.198	-2.7485
529	3.2014	-2.7491
530	3.2045	-2.7458
531	3.2018	-2.7508
532	3.2058	-2.7438
533	3.2002	-2.753
534	3.2038	-2.7395
535	3.2041	-2.7441
536	3.2033	-2.7473
537	3.1926	-2.7643
538	3.1948	-2.7627
539.01	3.2022	-2.7454
540.01	3.2019	-2.7494
541.01	3.2039	-2.7451
542.01	3.1982	-2.7584
543.01	3.2004	-2.7498
544.01	3.1964	-2.7526
545.01	3.1987	-2.7479
546.01	3.2035	-2.7445
547.01	3.2043	-2.7441
548.01	3.2007	-2.7479
549.01	3.2073	-2.7421
549.98	3.2114	-2.7395
550.98	3.2047	-2.7448
551.99	3.2017	-2.7485
552.99	3.2084	-2.7419
553.99	3.2045	-2.7438
554.99	3.2086	-2.7426
555.99	3.1958	-2.7568
556.99	3.2345	-2.7174
557.99	3.42	-2.4485
558.99	3.7704	-1.7978
559.99	3.9566	-1.2916
560.99	4.0296	-0.94873
562	4.0553	-0.45047
563	4.1091	-0.1058
564	4.1278	0.19143
565	4.0521	0.80153
566	3.7798	1.6796
567	3.3411	2.4479
568	2.8054	3.0744
569	2.5994	3.2925
570	2.2395	3.5589
571	1.4116	4.0038
572.01	0.65685	4.2281
573.01	-0.032763	4.3018
574.01	-0.93224	4.2762
575.01	-0.90789	4.2849
576.01	-0.88044	4.285
577.01	-0.87809	4.2839
578.01	-0.8732	4.2945
579.01	-0.90576	4.2735
580.01	-0.90923	4.2441
581.01	-0.8982	4.2661
582.01	-0.98857	4.2557
582.98	-1.346	4.1819
583.98	-2.2444	3.7776
584.98	-3.0007	2.5101
585.99	-2.9097	1.592
586.99	-3.2384	2.1955
587.99	-2.9867	3.348
588.99	-2.8662	3.4692
589.99	-2.896	3.4386
590.99	-2.8876	3.4351
591.99	-2.8826	3.4429
592.99	-2.8825	3.4425
593.99	-2.8775	3.442
594.99	-2.878	3.4423
596	-2.8719	3.4402
597	-2.878	3.4419
598	-2.8844	3.4423
599	-2.8778	3.4416
