0	-2.8688	-2.5972
1.001	-1.0872	-3.7335
2.002	1.0529	-3.8031
3.003	2.738	-2.93
4.004	3.5317	-1.9601
5.005	4.0747	-0.23597
6.006	4.0461	0.60541
7.007	3.6195	1.9296
8.008	3.4394	2.1938
9.009	3.3135	2.3959
10.01	2.1859	3.4551
11.011	0.75829	3.9891
12.012	-0.66984	3.9588
13.013	-1.6739	3.6113
14.014	-2.9355	2.5998
15.015	-3.7262	1.0877
16.016	-3.7713	-0.85546
16.983	-3.2674	-2.0592
17.984	-2.1935	-3.1929
18.985	-1.142	-3.7346
19.986	-0.76957	-3.8199
20.987	0.37341	-3.9091
21.988	1.4173	-3.6882
22.989	2.925	-2.7573
23.99	3.6691	-1.725
24.991	4.0634	-0.36693
25.992	4.0406	0.60013
26.993	3.6975	1.7522
27.994	3.0174	2.7886
28.995	2.4954	3.2534
29.996	2	3.571
30.997	1.6308	3.7747
31.998	1.4253	3.8359
32.999	0.50125	4.0281
34	-0.88178	3.9164
35.001	-1.792	3.5585
36.002	-2.0735	3.4037
37.003	-2.0705	3.381
38.004	-2.074	3.3796
39.005	-2.0764	3.3791
40.006	-2.0784	3.3771
41.007	-2.0772	3.3718
42.008	-2.067	3.3889
43.009	-2.0799	3.3887
44.01	-2.0793	3.3851
45.011	-2.0748	3.3826
46.012	-2.3022	3.2348
47.013	-3.1427	2.3419
48.014	-3.6616	1.2971
49.015	-3.7921	0.79366
50.016	-3.8405	-0.44813
50.984	-3.5328	-1.5698
51.985	-2.9174	-2.5523
52.986	-2.1873	-3.2092
53.987	-1.318	-3.6673
54.988	-0.41037	-3.8946
55.989	0.6477	-3.8785
56.99	2.1741	-3.3456
57.991	3.2216	-2.4243
58.992	3.6366	-1.7766
59.993	3.728	-1.596
60.994	3.8467	-1.3114
61.995	3.9748	-0.90238
62.996	4.0639	-0.37931
63.997	3.9796	0.98492
64.998	3.7099	1.72
65.999	3.2613	2.4949
67	3.0091	2.8157
68.001	2.3472	3.3607
69.002	1.5249	3.7863
70.003	0.18665	4.045
71.004	-0.35321	4.0205
72.005	-0.73693	3.9526
73.006	-1.3741	3.7485
74.007	-1.8888	3.491
75.008	-2.7836	2.7858
76.009	-3.5065	1.7038
77.01	-3.6223	1.428
78.011	-3.8382	0.60234
79.012	-3.835	0.56397
80.013	-3.8324	0.5444
81.014	-3.8311	0.55444
82.015	-3.8266	0.54167
83.016	-3.8222	0.55701
83.983	-3.8208	0.5447
84.984	-3.8241	0.55018
85.985	-3.8215	0.5496
86.986	-3.8203	0.55356
87.987	-3.8158	0.55452
88.988	-3.8135	0.56158
89.989	-3.816	0.57491
90.99	-3.839	0.57756
91.991	-3.8488	0.54149
92.992	-3.8474	0.53465
93.993	-3.8554	0.52717
94.994	-3.8609	0.52294
95.995	-3.8545	0.52825
96.996	-3.8488	0.52787
97.997	-3.8548	0.53772
98.998	-3.855	0.53557
100	-3.8498	0.53029
101	-3.8488	0.53585
102	-3.8452	0.52657
103	-3.8521	0.52345
104	-3.8514	0.52692
105	-3.8409	0.52968
106.01	-3.849	0.53706
107.01	-3.8513	0.53366
108.01	-3.8505	0.53444
109.01	-3.8456	0.53297
110.01	-3.8504	0.52457
111.01	-3.8557	0.5311
112.01	-3.8423	0.53065
113.01	-3.8653	0.52635
114.01	-3.8619	0.52539
114.98	-3.846	0.54676
115.98	-3.8569	0.54175
116.98	-3.8552	0.53924
117.98	-3.8512	0.53908
118.98	-3.8552	0.53924
119.99	-3.8537	0.53587
120.99	-3.8554	0.53672
121.99	-3.8487	0.54512
122.99	-3.8492	0.54297
123.99	-3.8557	0.5355
124.99	-3.8537	0.52803
125.99	-3.8507	0.53014
126.99	-3.8542	0.53557
127.99	-3.8495	0.54549
129	-3.8493	0.54624
130	-3.8542	0.54229
131	-3.8537	0.53742
132	-3.8472	0.54702
133	-3.8423	0.54319
134	-3.8427	0.54237
135	-3.8389	0.53623
136	-3.8389	0.53111
137	-3.8391	0.53579
138	-3.8468	0.53523
139	-3.8434	0.5348
140.01	-3.84	0.54244
141.01	-3.8456	0.54561
142.01	-3.8454	0.54748
143.01	-3.8431	0.54589
144.01	-3.839	0.54017
145.01	-3.8447	0.54003
146.01	-3.8402	0.53736
147.01	-3.8438	0.53217
148.01	-3.8449	0.53846
149.01	-3.8462	0.54636
149.98	-3.8389	0.53623
150.98	-3.8412	0.53626
151.99	-3.8373	0.53549
152.99	-3.8463	0.53181
153.99	-3.8387	0.53105
154.99	-3.8318	0.53802
155.99	-3.829	0.53646
156.99	-3.8331	0.53555
157.99	-3.8283	0.54049
158.99	-3.8274	0.5424
159.99	-3.8316	0.54467
160.99	-3.8294	0.53482
162	-3.8269	0.5307
163	-3.8289	0.52881
164	-3.8269	0.53269
165	-3.5958	0.47006
166	-3.6053	0.45785
167	-3.5686	0.45154
168	-3.5524	0.46966
169	-3.519	0.46723
170	-3.517	0.47832
171	-3.5162	0.4783
172	-3.5157	0.48347
173.01	-3.5067	0.48158
174.01	-3.5114	0.48694
175.01	-3.5133	0.48831
176.01	-3.3799	0.46482
177.01	-2.7824	1.4157
178.01	-2.9309	2.3317
179.01	-3.026	2.4895
180.01	-2.9419	2.5849
181.01	-2.8934	2.6361
182.01	-2.9002	2.6762
182.98	-2.7451	2.8118
183.98	-2.7088	2.8618
184.98	-2.5946	2.9746
185.99	-2.1125	3.3587
186.99	-1.8828	3.5124
187.99	-1.3415	3.7541
188.99	-0.77226	3.9398
189.99	0.12249	4.0361
190.99	0.38125	4.0397
191.99	1.2425	3.8873
192.99	1.564	3.7801
193.99	2.2363	3.4366
194.99	2.9859	2.8295
196	3.6284	1.9335
197	3.9763	0.99484
198	4.0816	-0.062755
199	4.0031	-0.7913
200	3.6575	-1.7436
201	3.2356	-2.4204
202	2.5123	-3.1112
203	2.0897	-3.4067
204	1.8073	-3.5264
205	0.97736	-3.8147
206.01	0.62014	-3.8911
207.01	-0.40526	-3.8796
208.01	-1.1848	-3.7098
209.01	-2.3351	-3.0886
210.01	-2.765	-2.7107
211.01	-3.2829	-2.0349
212.01	-3.5473	-1.5255
213.01	-3.7863	-0.71648
214.01	-3.8576	-0.063718
215.01	-3.819	0.64941
215.98	-3.5143	1.6499
216.98	-3.0389	2.4787
217.98	-2.6805	2.8849
218.99	-2.5787	2.9783
219.99	-2.4224	3.1344
220.99	-2.3954	3.1757
221.99	-2.3923	3.1799
222.99	-2.3944	3.1613
223.99	-2.3815	3.157
224.99	-2.3744	3.157
225.99	-2.3762	3.1617
226.99	-2.3665	3.1581
227.99	-2.3629	3.1568
229	-2.3636	3.1557
230	-2.3712	3.179
231	-2.3638	3.1735
232	-2.3562	3.168
233	-2.3564	3.1778
234	-2.3535	3.1752
235	-2.3565	3.1643
236	-2.3546	3.1654
237	-2.3519	3.1669
238	-2.357	3.192
239	-2.3578	3.1756
240.01	-2.3447	3.1717
241.01	-2.3502	3.1725
242.01	-2.3451	3.1636
243.01	-2.3455	3.161
244.01	-2.3402	3.1614
245.01	-2.3377	3.1535
246.01	-2.33	3.1699
247.01	-2.3355	3.1708
248.01	-2.3394	3.1787
249.01	-2.3457	3.1765
249.98	-2.3476	3.1797
250.98	-2.3892	3.1725
251.99	-2.3958	3.1719
252.99	-2.3902	3.1834
253.99	-2.391	3.1843
254.99	-2.3891	3.1781
255.99	-2.3859	3.182
256.99	-2.3853	3.1803
257.99	-2.3845	3.1774
258.99	-2.3861	3.1735
259.99	-2.3904	3.1742
260.99	-2.3788	3.1732
262	-2.3845	3.1765
263	-2.3827	3.1824
264	-2.3812	3.1741
265	-2.3813	3.1824
266	-2.3844	3.1776
267	-2.3824	3.1725
268	-2.3819	3.1726
269	-2.3801	3.175
270	-2.3789	3.1794
271	-2.3807	3.1825
272	-2.382	3.1757
273.01	-2.3812	3.1748
274.01	-2.3793	3.1731
275.01	-2.3784	3.1771
276.01	-2.3751	3.1784
277.01	-2.371	3.1796
278.01	-2.3811	3.1779
279.01	-2.381	3.1786
280.01	-2.3816	3.1738
281.01	-2.3779	3.1713
282.01	-2.3721	3.1769
282.98	-2.3758	3.1756
283.98	-2.3786	3.1739
284.98	-2.3734	3.1716
285.99	-2.3753	3.168
286.99	-2.3797	3.1663
287.99	-2.3792	3.1747
288.99	-2.371	3.1789
289.99	-2.3766	3.1777
290.99	-2.38	3.1802
291.99	-2.382	3.1779
292.99	-2.3764	3.1786
293.99	-2.3782	3.1775
294.99	-2.3755	3.176
296	-2.3817	3.1745
297	-2.3791	3.1742
298	-2.3774	3.1709
299	-2.3807	3.1662
300	-2.3753	3.1664
301	-2.3733	3.1756
302	-2.376	3.1789
303	-2.3811	3.174
304	-2.3744	3.1737
305	-2.3809	3.1737
306.01	-2.3761	3.1735
307.01	-2.3724	3.1722
308.01	-2.3675	3.1733
309.01	-2.3731	3.1718
310.01	-2.3788	3.1721
311.01	-2.3754	3.1778
312.01	-2.3691	3.1758
313.01	-2.3675	3.1744
314.01	-2.3732	3.1792
315.01	-2.379	3.1799
315.98	-2.3783	3.1688
316.98	-2.3669	3.1774
317.98	-2.3526	3.1844
318.99	-2.2195	3.2937
319.99	-1.5392	3.6769
320.99	-0.76521	3.9398
321.99	-0.2417	4.0274
322.99	0.481	4.0157
323.99	1.0974	3.9149
324.99	2.1498	3.4947
325.99	2.5597	3.1782
326.99	2.8061	2.9872
327.99	3.5071	2.1368
329	3.8866	1.3091
330	4.0479	0.50661
331	4.0473	-0.46703
332	3.8464	-1.3094
333	3.395	-2.1949
334	2.7277	-2.9434
335	1.9731	-3.4492
336	0.79565	-3.843
337	0.22472	-3.9038
338	-0.32526	-3.8941
339	-1.0855	-3.7396
340.01	-1.6679	-3.5208
341.01	-2.3828	-3.0469
342.01	-2.7983	-2.6731
343.01	-3.1931	-2.1743
344.01	-3.6196	-1.3217
345.01	-3.8112	-0.61471
346.01	-3.8514	0.19281
347.01	-3.6876	1.1681
348.01	-3.2411	2.1868
349.01	-2.5669	2.991
349.98	-1.7682	3.5593
350.98	-1.2928	3.7878
351.99	-1.3483	3.7651
352.99	-0.9273	3.9166
353.99	-0.68637	3.9733
354.99	-0.36242	4.0163
355.99	0.57987	4.0076
356.99	1.1766	3.9045
357.99	1.6312	3.7411
358.99	2.7329	3.0472
359.99	3.2102	2.5509
360.99	3.6344	1.9146
362	3.8757	1.3413
363	4.0492	0.55205
364	4.0365	-0.525
365	3.9161	-1.1147
366	3.539	-1.9544
367	2.9305	-2.7557
368	2.244	-3.2958
369	1.5966	-3.6305
370	1.534	-3.6643
371	1.5258	-3.6737
372	1.5317	-3.668
373.01	1.53	-3.6598
374.01	1.524	-3.671
375.01	1.5249	-3.6745
376.01	1.5307	-3.6718
377.01	1.521	-3.6649
378.01	1.5283	-3.6619
379.01	1.5358	-3.659
380.01	1.526	-3.6643
381.01	1.522	-3.6736
382.01	1.5297	-3.675
382.98	1.5138	-3.6623
383.98	1.5176	-3.6587
384.98	1.5256	-3.6633
385.99	1.5138	-3.6721
386.99	1.5162	-3.6725
387.99	1.5184	-3.6809
388.99	1.5139	-3.6772
389.99	1.5199	-3.6694
390.99	1.5199	-3.6601
391.99	1.5457	-3.6612
392.99	1.5393	-3.6636
393.99	1.5471	-3.6606
394.99	1.5477	-3.6607
396	1.5368	-3.6803
397	1.5465	-3.6669
398	1.5408	-3.6763
399	1.541	-3.6668
400	1.5441	-3.6623
401	1.5436	-3.659
402	1.5422	-3.6597
403	1.5446	-3.6592
404	1.537	-3.6655
405	1.5351	-3.67
406.01	1.5364	-3.6705
407.01	1.5431	-3.6613
408.01	1.5431	-3.6609
409.01	1.5384	-3.6593
410.01	1.5436	-3.659
411.01	1.5428	-3.6585
412.01	1.5398	-3.6635
413.01	1.5406	-3.6652
414.01	1.5351	-3.6659
415.01	1.5421	-3.6611
415.98	1.5397	-3.6583
416.98	1.542	-3.6594
417.98	1.5408	-3.663
418.99	1.5421	-3.6611
419.99	1.5435	-3.6604
420.99	1.5379	-3.6535
421.99	1.544	-3.6415
422.99	1.5425	-3.6562
423.99	1.5426	-3.665
424.99	1.5411	-3.6557
425.99	1.5394	-3.6844
426.99	1.5464	-3.6512
427.99	1.5428	-3.6528
429	1.5438	-3.6582
430	1.542	-3.658
431	1.5388	-3.6556
432	1.5386	-3.6588
433	1.5456	-3.6604
434	1.5446	-3.6596
435	1.5411	-3.6598
436	1.5452	-3.6538
437	1.5407	-3.6474
438	1.5442	-3.6558
439	1.5401	-3.6465
440.01	1.5427	-3.6602
441.01	1.5402	-3.655
442.01	1.5444	-3.6488
443.01	1.5422	-3.6432
444.01	1.5409	-3.657
445.01	1.5433	-3.6589
446.01	1.5341	-3.6584
447.01	1.5417	-3.6518
448.01	1.5401	-3.6629
449.01	1.5405	-3.6565
449.98	1.5422	-3.6602
450.98	1.545	-3.6549
451.99	1.5371	-3.6601
452.99	1.539	-3.6536
453.99	1.5413	-3.6592
454.99	1.5446	-3.6549
455.99	1.5437	-3.6515
456.99	1.544	-3.65
457.99	1.5427	-3.6511
458.99	1.5498	-3.6535
459.99	1.5375	-3.6627
460.99	1.5437	-3.6442
462	1.5397	-3.6448
463	1.5378	-3.6414
464	1.5311	-3.6452
465	1.5375	-3.6382
466	1.5363	-3.6476
467	1.4899	-3.6824
468	1.5258	-3.6717
469	1.5151	-3.6595
470	1.5095	-3.6488
471	1.4953	-3.6562
472	1.4858	-3.6516
473.01	1.4872	-3.6359
474.01	1.4922	-3.6582
475.01	1.4843	-3.6565
476.01	1.477	-3.6491
477.01	1.4796	-3.6503
478.01	1.4786	-3.6493
479.01	1.4761	-3.6584
480.01	1.4833	-3.6648
481.01	1.5015	-3.662
482.01	1.5015	-3.662
482.98	1.5014	-3.6541
483.98	1.5016	-3.6548
484.98	1.494	-3.6605
485.99	1.4848	-3.6574
486.99	1.4799	-3.6596
487.99	1.4787	-3.6608
488.99	1.4774	-3.6634
489.99	1.4747	-3.6572
490.99	1.4687	-3.6543
491.99	1.4769	-3.6394
492.99	1.4611	-3.6492
493.99	1.4618	-3.6623
494.99	1.4672	-3.6656
496	1.4612	-3.6516
497	1.4545	-3.6625
498	1.4565	-3.6934
499	1.4625	-3.6529
500	1.4782	-3.6549
501	1.481	-3.6692
502	1.4874	-3.6669
503	1.4788	-3.6682
504	1.481	-3.6703
505	1.4843	-3.6757
506.01	1.4831	-3.675
507.01	1.4843	-3.6757
508.01	1.482	-3.6782
509.01	1.4752	-3.667
510.01	1.4882	-3.6721
511.01	1.4967	-3.6851
512.01	1.5059	-3.6857
513.01	1.5052	-3.6917
514.01	1.5145	-3.6845
515.01	1.5211	-3.683
515.98	1.5132	-3.686
516.98	1.5133	-3.6846
517.98	1.5142	-3.6848
518.99	1.521	-3.6839
519.99	1.5125	-3.6845
520.99	1.5165	-3.6855
521.99	1.5161	-3.6816
522.99	1.5153	-3.6816
523.99	1.5243	-3.6783
524.99	1.5194	-3.6723
525.99	1.5189	-3.6585
526.99	1.5207	-3.6618
527.99	1.5149	-3.6739
529	1.5189	-3.6671
530	1.5221	-3.6825
531	1.5175	-3.6615
532	1.526	-3.6617
533	1.5168	-3.6828
534	1.5153	-3.6628
535	1.514	-3.6701
536	1.5137	-3.6627
537	1.5175	-3.6683
538	1.5188	-3.664
539	1.5124	-3.6648
540.01	1.5161	-3.6693
541.01	1.5256	-3.6649
542.01	1.5166	-3.668
543.01	1.5153	-3.6722
544.01	1.5148	-3.6829
545.01	1.5217	-3.6676
546.01	1.5142	-3.6629
547.01	1.5139	-3.6606
548.01	1.5159	-3.6569
549.01	1.5182	-3.6571
549.98	1.5155	-3.6603
550.98	1.5159	-3.6698
551.99	1.5132	-3.6736
552.99	1.5071	-3.6758
553.99	1.5164	-3.6615
554.99	1.516	-3.6605
555.99	1.5169	-3.6612
556.99	1.5336	-3.662
557.99	1.5289	-3.6602
558.99	1.5429	-3.6559
559.99	1.535	-3.6586
560.99	1.5346	-3.6629
562	1.5436	-3.6573
563	1.5357	-3.6599
564	1.5332	-3.6641
565	1.539	-3.6636
566	1.5373	-3.6643
567	1.5357	-3.6617
568	1.5343	-3.6603
569	1.5355	-3.6575
570	1.5299	-3.66
571	1.5309	-3.6596
572	1.5379	-3.6566
573.01	1.5345	-3.6584
574.01	1.5355	-3.6579
575.01	1.5335	-3.6587
576.01	1.5391	-3.6595
577.01	1.5377	-3.6585
578.01	1.5377	-3.6585
579.01	1.534	-3.6582
580.01	1.5345	-3.6584
581.01	1.5419	-3.6564
582.01	1.5284	-3.6591
582.98	1.5377	-3.6585
583.98	1.5319	-3.6599
584.98	1.5338	-3.6604
585.99	1.5355	-3.6575
586.99	1.5441	-3.6493
587.99	1.54	-3.6517
588.99	1.5335	-3.6587
589.99	1.5356	-3.6564
590.99	1.536	-3.6576
591.99	1.5377	-3.6585
592.99	1.5377	-3.6585
593.99	1.5401	-3.6517
594.99	1.5379	-3.6496
596	1.5352	-3.6545
597	1.5355	-3.6554
598	1.5309	-3.657
599	1.5377	-3.6585
