0	-0.4098	3.3619
1.001	-0.64987	3.7055
2.002	-0.72644	3.97
3.003	-2.2701	3.2156
4.004	-3.4344	1.8497
5.005	-3.8629	-0.13111
6.006	-3.1772	-2.1951
7.007	-1.886	-3.3901
8.008	-0.27169	-3.8895
9.009	1.8319	-3.5209
10.01	3.172	-2.4904
11.011	3.979	-0.88054
12.012	4.0656	0.43425
13.013	3.8706	1.3333
14.014	2.6984	3.0974
15.015	1.109	3.9327
16.016	-0.50093	4.0013
16.983	-1.604	3.6306
17.984	-1.9381	3.4646
18.985	-3.0089	2.5125
19.986	-3.5961	1.4953
20.987	-3.8521	-0.25376
21.988	-3.6291	-1.3165
22.989	-3.0009	-2.4467
23.99	-1.6283	-3.5384
24.991	-0.65583	-3.8469
25.992	0.17154	-3.9151
26.993	1.9871	-3.4401
27.994	3.1368	-2.541
28.995	3.5843	-1.8729
29.996	4.0647	-0.34071
30.997	4.0138	0.73943
31.998	3.7541	1.6541
32.999	2.9653	2.8536
34	1.7761	3.6868
35.001	1.726	3.7197
36.002	1.1186	3.9212
37.003	-0.15791	4.0314
38.004	-1.054	3.8685
39.005	-1.8688	3.5082
40.006	-2.559	2.9957
41.007	-3.3756	1.9519
42.008	-3.8387	0.42814
43.009	-3.671	-1.1977
44.01	-3.3326	-1.9564
45.011	-2.3098	-3.1167
46.012	-1.0454	-3.7587
47.013	0.33357	-3.9115
48.014	1.8524	-3.5071
49.015	3.15	-2.5157
50.016	3.7085	-1.6319
50.984	4.0078	-0.74632
51.985	4.0192	0.76911
52.986	3.6313	1.9046
53.987	3.2747	2.471
54.988	2.6989	3.0776
55.989	2.6452	3.1554
56.99	2.6545	3.1367
57.991	2.6439	3.1415
58.992	2.6414	3.1467
59.993	2.6345	3.1509
60.994	2.6403	3.1526
61.995	2.6613	3.1413
62.996	2.6631	3.1353
63.997	2.6603	3.1347
64.998	2.6607	3.1306
65.999	2.662	3.128
67	2.6597	3.1302
68.001	2.6596	3.1297
69.002	2.6535	3.1323
70.003	2.6545	3.135
71.004	2.5513	3.2295
72.005	2.1205	3.5395
73.006	1.3173	3.8635
74.007	1.232	3.9003
75.008	1.1293	3.919
76.009	0.97368	3.9561
77.01	0.74403	4.0014
78.011	0.66137	4.0095
79.012	-0.01562	4.0319
80.013	-1.0854	3.8531
81.014	-1.8778	3.5033
82.015	-2.7058	2.8508
83.016	-3.5652	1.5396
83.983	-3.8595	0.22321
84.984	-3.6802	-1.1274
85.985	-3.1275	-2.2592
86.986	-2.0668	-3.2692
87.987	-1.2714	-3.6695
88.988	-0.28481	-3.893
89.989	0.9735	-3.8142
90.99	2.4588	-3.1532
91.991	3.3891	-2.2032
92.992	3.8478	-1.2878
93.993	4.0871	-0.055112
94.994	3.7608	1.62
95.995	2.9656	2.8552
96.996	2.061	3.5536
97.997	1.807	3.6911
98.998	1.124	3.9354
100	0.084596	4.0521
101	-0.93635	3.9016
102	-1.9131	3.4685
103	-2.0363	3.4027
104	-2.549	3.0121
105	-2.5637	2.9885
106.01	-2.5782	2.9671
107.01	-2.5795	2.9734
108.01	-2.5741	2.9662
109.01	-2.5771	2.956
110.01	-2.5765	2.9576
111.01	-2.974	2.5503
112.01	-3.5111	1.6716
113.01	-3.8618	0.055791
114.01	-3.5461	-1.5147
114.98	-2.7163	-2.7584
115.98	-1.7238	-3.4942
116.98	-0.844	-3.8108
117.98	-0.15746	-3.9098
118.98	0.95997	-3.8145
119.99	2.2262	-3.3107
120.99	3.1501	-2.5172
121.99	3.553	-1.938
122.99	3.7648	-1.5274
123.99	4.0717	-0.34367
124.99	3.9342	1.1427
125.99	3.4347	2.2345
126.99	2.4921	3.2608
127.99	1.8634	3.6518
129	1.0396	3.9366
130	-0.033439	4.0328
131	-0.91266	3.8994
132	-1.063	3.8826
133	-1.5454	3.6878
134	-1.9712	3.4459
135	-2.0911	3.3845
136	-2.0874	3.3799
137	-2.0853	3.3779
138	-2.095	3.3764
139	-2.0409	3.4238
140.01	-2.0461	3.4233
141.01	-2.0166	3.4417
142.01	-2.022	3.4436
143.01	-2.0091	3.4312
144.01	-2.0103	3.4182
145.01	-1.9993	3.4091
146.01	-2.0027	3.41
147.01	-2.0041	3.41
148.01	-1.9917	3.3972
149.01	-1.983	3.4405
149.98	-1.9706	3.4378
150.98	-1.9728	3.4179
151.99	-1.981	3.4156
152.99	-1.9603	3.4319
153.99	-1.9614	3.4272
154.99	-1.962	3.4329
155.99	-1.9698	3.4231
156.99	-1.9663	3.4152
157.99	-1.9755	3.4309
158.99	-1.9666	3.4391
159.99	-1.9596	3.4364
160.99	-1.9382	3.432
162	-1.9491	3.465
163	-1.9451	3.4638
164	-1.9477	3.4552
165	-1.9345	3.447
166	-1.9284	3.4414
167	-1.9232	3.4427
168	-1.9142	3.4425
169	-1.9192	3.4349
170	-1.9153	3.4352
171	-1.912	3.4423
172	-1.9009	3.4491
173.01	-1.9213	3.4541
174.01	-1.9474	3.4472
175.01	-1.9432	3.4487
176.01	-1.9496	3.4496
177.01	-1.9487	3.4489
178.01	-1.9467	3.4451
179.01	-1.952	3.4379
180.01	-1.9426	3.4496
181.01	-1.9458	3.4469
182.01	-1.954	3.4415
182.98	-1.9569	3.4341
183.98	-1.9583	3.4348
184.98	-1.9611	3.433
185.99	-1.9519	3.4455
186.99	-1.9559	3.4406
187.99	-1.9597	3.4373
188.99	-1.9711	3.4294
189.99	-1.9791	3.4368
190.99	-1.9959	3.4524
191.99	-2.0172	3.4313
192.99	-2.0065	3.4612
193.99	-2.0074	3.4601
194.99	-1.9958	3.4707
196	-2.0049	3.487
197	-1.9753	3.475
198	-1.9965	3.4545
199	-2.0074	3.4395
200	-1.9724	3.4485
201	-1.9757	3.4719
202	-1.9829	3.4885
203	-1.9787	3.485
204	-1.9744	3.4708
205	-1.9802	3.4636
206.01	-1.9829	3.4613
207.01	-1.9798	3.4634
208.01	-1.9816	3.4659
209.01	-1.9848	3.468
210.01	-1.9817	3.4737
211.01	-1.9782	3.4721
212.01	-1.9773	3.4692
213.01	-1.9714	3.472
214.01	-1.9742	3.4612
215.01	-1.9801	3.462
215.98	-1.9735	3.4606
216.98	-1.9785	3.4615
217.98	-1.9807	3.4634
218.99	-1.9772	3.4661
219.99	-1.9764	3.4636
220.99	-1.9776	3.454
221.99	-1.9738	3.4548
222.99	-1.9804	3.4542
223.99	-1.9725	3.4599
224.99	-1.9788	3.4622
225.99	-1.9807	3.4558
226.99	-1.9788	3.46
227.99	-1.974	3.46
229	-1.9685	3.4621
230	-1.9761	3.4578
231	-1.9755	3.4582
232	-1.9729	3.4591
233	-1.9749	3.446
234	-1.9811	3.4511
235	-1.9744	3.4546
236	-1.9654	3.4597
237	-1.9776	3.4615
238	-1.9806	3.4555
239	-1.9846	3.4547
240.01	-1.988	3.444
241.01	-1.9807	3.4494
242.01	-1.9866	3.4452
243.01	-1.9862	3.4581
244.01	-1.9859	3.4598
245.01	-1.9848	3.4588
246.01	-1.9845	3.4556
247.01	-1.9783	3.4567
248.01	-1.9814	3.4573
249.01	-1.9804	3.4447
249.98	-1.9847	3.4563
250.98	-1.9819	3.4575
251.99	-1.9831	3.4443
252.99	-1.981	3.4425
253.99	-1.9853	3.4489
254.99	-1.9765	3.4517
255.99	-1.9808	3.4481
256.99	-1.9812	3.4448
257.99	-1.9861	3.4528
258.99	-1.9794	3.455
259.99	-1.9786	3.4461
260.99	-1.9818	3.4443
262	-1.9876	3.4449
263	-1.9847	3.4423
264	-1.9868	3.4426
265	-1.9856	3.4504
266	-1.9818	3.4506
267	-1.9798	3.4561
268	-1.9865	3.4524
269	-1.9827	3.4435
270	-1.9752	3.443
271	-1.9716	3.4466
272	-1.9795	3.4413
273.01	-1.9856	3.4504
274.01	-1.9813	3.4584
275.01	-1.9854	3.4547
276.01	-1.9835	3.4586
277.01	-1.9751	3.4519
278.01	-1.9805	3.4464
279.01	-1.9784	3.4431
280.01	-1.9853	3.443
281.01	-1.9845	3.4425
282.01	-1.9743	3.442
282.98	-1.981	3.4425
283.98	-1.9734	3.4416
284.98	-1.9794	3.4412
285.99	-1.9749	3.4427
286.99	-1.976	3.4439
287.99	-1.9805	3.4367
288.99	-1.979	3.4417
289.99	-1.98	3.4517
290.99	-1.9816	3.4386
291.99	-1.9795	3.4532
292.99	-1.9801	3.4509
293.99	-1.9807	3.4472
294.99	-1.979	3.4578
296	-1.9915	3.4607
297	-1.9853	3.4594
298	-1.9901	3.4533
299	-1.9878	3.4429
300	-1.9866	3.442
301	-1.9843	3.44
302	-1.9859	3.4321
303	-1.9858	3.4274
304	-1.9865	3.4259
305	-1.9831	3.4277
306.01	-1.9845	3.4245
307.01	-1.9803	3.4218
308.01	-1.9796	3.4224
309.01	-1.9863	3.4265
310.01	-1.9873	3.4295
311.01	-1.9832	3.4392
312.01	-1.9827	3.4388
313.01	-1.9848	3.4376
314.01	-1.9864	3.4238
315.01	-1.977	3.4211
315.98	-1.9801	3.4251
316.98	-1.9837	3.4225
317.98	-1.9819	3.424
318.99	-1.9841	3.4248
319.99	-1.9815	3.4325
320.99	-1.9756	3.4563
321.99	-1.9748	3.4723
322.99	-1.9998	3.4669
323.99	-1.9966	3.4539
324.99	-1.9997	3.4441
325.99	-1.9981	3.4478
326.99	-1.9983	3.4446
327.99	-1.9964	3.4468
329	-1.9961	3.4364
330	-1.9984	3.4459
331	-2.0002	3.4429
332	-1.9997	3.4389
333	-1.9993	3.4378
334	-1.9985	3.4383
335	-2.0005	3.438
336	-1.9946	3.4384
337	-2.002	3.4431
338	-1.9983	3.4518
339	-2.0004	3.4378
340.01	-2.0014	3.439
341.01	-2.0009	3.4384
342.01	-1.9964	3.4316
343.01	-2.0009	3.435
344.01	-1.9964	3.4357
345.01	-2.0018	3.4332
346.01	-2.0014	3.4343
347.01	-2.001	3.4327
348.01	-1.9983	3.434
349.01	-2.0002	3.4372
349.98	-1.9962	3.4338
350.98	-2.001	3.433
351.99	-2.0018	3.4332
352.99	-1.9974	3.4313
353.99	-1.9999	3.4287
354.99	-1.998	3.4252
355.99	-2.0012	3.4317
356.99	-2.0019	3.432
357.99	-1.996	3.4357
358.99	-2.0007	3.4365
359.99	-2.002	3.4329
360.99	-1.997	3.4367
362	-1.9914	3.4531
363	-1.9946	3.4527
364	-2.0072	3.4511
365	-2.0043	3.4445
366	-2.0008	3.4439
367	-2.0071	3.4428
368	-2.0065	3.4369
369	-2.0051	3.4362
370	-2.0092	3.4349
371	-2.0047	3.4363
372	-2.0036	3.4373
373.01	-1.9983	3.4374
374.01	-2.0095	3.4469
375.01	-2.0021	3.4435
376.01	-2.0098	3.4454
377.01	-2.0009	3.4526
378.01	-2.0055	3.4426
379.01	-2.0033	3.4397
380.01	-2.0029	3.4418
381.01	-2.0064	3.4472
382.01	-2.0039	3.4428
382.98	-2.0029	3.4343
383.98	-2.0027	3.4462
384.98	-2.0052	3.4516
385.99	-2.0025	3.4428
386.99	-2.0019	3.4426
387.99	-2.0025	3.4416
388.99	-2.0123	3.4363
389.99	-2.0041	3.4347
390.99	-2.0051	3.4362
391.99	-2.0039	3.4356
392.99	-2.002	3.4337
393.99	-2.0052	3.4349
394.99	-1.9961	3.4403
396	-2.0031	3.4404
397	-2.0029	3.4405
398	-2	3.4341
399	-2.0028	3.4346
400	-1.9961	3.4335
401	-2.004	3.4379
402	-1.9984	3.4474
403	-2.0006	3.4397
404	-1.9993	3.4364
405	-2.0014	3.437
406.01	-2.001	3.4339
407.01	-1.9967	3.4313
408.01	-1.9944	3.4344
409.01	-1.996	3.4326
410.01	-1.9935	3.4429
411.01	-2.0014	3.4434
412.01	-2.0021	3.4374
413.01	-2.0005	3.4372
414.01	-2.0043	3.4351
415.01	-2.0014	3.4346
415.98	-1.994	3.4431
416.98	-2.0002	3.438
417.98	-1.9982	3.4295
418.99	-1.9999	3.4346
419.99	-2.0013	3.4325
420.99	-1.9964	3.4361
421.99	-1.996	3.4411
422.99	-1.9934	3.4499
423.99	-1.9954	3.44
424.99	-1.9927	3.4411
425.99	-2.0006	3.4355
426.99	-1.9977	3.4283
427.99	-1.993	3.4343
429	-1.9986	3.4352
430	-1.9926	3.4308
431	-1.9942	3.4347
432	-1.9943	3.4411
433	-1.995	3.4375
434	-1.9995	3.4385
435	-1.9987	3.4466
436	-2.0009	3.4347
437	-1.9955	3.4347
438	-1.9939	3.4356
439	-1.9953	3.4244
440.01	-1.9961	3.4331
441.01	-1.9965	3.4395
442.01	-1.9938	3.4391
443.01	-1.9924	3.4367
444.01	-1.9922	3.4357
445.01	-1.9874	3.4356
446.01	-1.9931	3.4351
447.01	-1.9935	3.4339
448.01	-1.9947	3.4365
449.01	-1.9954	3.4336
449.98	-1.9924	3.4367
450.98	-1.9921	3.4364
451.99	-1.9934	3.4369
452.99	-1.9953	3.4338
453.99	-1.997	3.432
454.99	-1.9922	3.4322
455.99	-1.9937	3.4333
456.99	-1.9933	3.4373
457.99	-1.9975	3.4368
458.99	-1.9929	3.4363
459.99	-1.9924	3.4367
460.99	-1.9917	3.4355
462	-1.988	3.437
463	-2.0013	3.4328
464	-2.0043	3.4353
465	-2.008	3.4375
466	-2.0116	3.4335
467	-2.007	3.4428
468	-2.004	3.4368
469	-2.0045	3.4384
470	-2.0092	3.4415
471	-2.0012	3.4437
472	-2.0059	3.4422
473.01	-2.0065	3.4377
474.01	-2.0125	3.4376
475.01	-2.0059	3.4422
476.01	-2.0025	3.4401
477.01	-1.9951	3.4362
478.01	-2.003	3.4349
479.01	-2.0056	3.443
480.01	-2.0035	3.4395
481.01	-2.0061	3.4429
482.01	-2.0055	3.4426
482.98	-2.0033	3.4349
483.98	-2.0032	3.4377
484.98	-2.0037	3.4425
485.99	-1.9996	3.4442
486.99	-1.9973	3.4396
487.99	-2.0028	3.4479
488.99	-2.0018	3.4383
489.99	-2.0016	3.4333
490.99	-2.0033	3.4347
491.99	-2.0011	3.4372
492.99	-2.0011	3.4352
493.99	-2.0013	3.4367
494.99	-1.9962	3.4318
496	-1.9985	3.4263
497	-2	3.4412
498	-1.9955	3.435
499	-1.9983	3.4369
500	-1.9975	3.4368
501	-1.9956	3.4485
502	-1.9956	3.4358
503	-1.9991	3.4359
504	-1.9931	3.4343
505	-1.9944	3.4347
506.01	-1.9972	3.4331
507.01	-2.0017	3.4417
508.01	-1.9988	3.4436
509.01	-1.9988	3.4436
510.01	-1.9994	3.4386
511.01	-2.0004	3.4341
512.01	-1.9951	3.4315
513.01	-1.9937	3.4341
514.01	-1.9987	3.4366
515.01	-1.9947	3.4359
515.98	-1.9981	3.4363
516.98	-1.9985	3.4366
517.98	-1.999	3.435
518.99	-1.9926	3.436
519.99	-1.9943	3.4345
520.99	-1.9916	3.4335
521.99	-1.9984	3.4383
522.99	-1.9946	3.4389
523.99	-1.9945	3.4363
524.99	-1.9924	3.4367
525.99	-1.9967	3.4369
526.99	-1.9939	3.4378
527.99	-1.9948	3.4372
529	-1.9923	3.4421
530	-1.9997	3.4374
531	-1.9973	3.4361
532	-1.9981	3.4363
533	-1.9908	3.4343
534	-2.0002	3.4303
535	-1.9918	3.4346
536	-1.9968	3.4363
537	-1.9967	3.4353
538	-1.9931	3.4343
539	-1.9939	3.4348
540.01	-1.9914	3.4328
541.01	-1.9933	3.4354
542.01	-1.9887	3.438
543.01	-1.9972	3.4371
544.01	-1.998	3.4367
545.01	-1.996	3.4356
546.01	-1.9917	3.4339
547.01	-1.994	3.4328
548.01	-1.9851	3.4325
549.01	-1.9937	3.436
549.98	-1.9975	3.4339
550.98	-1.9906	3.4319
551.99	-1.9926	3.4288
552.99	-1.9913	3.4349
553.99	-1.9969	3.4369
554.99	-1.9977	3.4378
555.99	-1.9923	3.4367
556.99	-1.9968	3.4368
557.99	-1.9926	3.4352
558.99	-1.9906	3.4309
559.99	-1.9915	3.4258
560.99	-1.9912	3.4338
562	-1.9934	3.4354
563	-1.9984	3.4383
564	-1.9969	3.4373
565	-1.9914	3.4362
566	-1.9941	3.4284
567	-1.9927	3.4271
568	-1.9917	3.4252
569	-1.9892	3.4308
570	-1.984	3.4312
571	-1.99	3.4323
572	-1.9925	3.4351
573.01	-1.9865	3.4327
574.01	-1.9872	3.4372
575.01	-1.9922	3.4357
576.01	-1.9909	3.4349
577.01	-1.989	3.4333
578.01	-1.9909	3.4336
579.01	-1.9852	3.4326
580.01	-1.9904	3.4318
581.01	-1.9905	3.4312
582.01	-1.9882	3.4365
582.98	-1.9866	3.4308
583.98	-1.9913	3.4343
584.98	-1.9893	3.4301
585.99	-1.9863	3.4318
586.99	-1.9909	3.4353
587.99	-1.9866	3.4355
588.99	-1.9877	3.436
589.99	-1.9964	3.4357
590.99	-1.9857	3.4366
591.99	-1.9854	3.4363
592.99	-1.9916	3.4284
593.99	-1.9895	3.4277
594.99	-1.9858	3.4273
596	-1.9815	3.4248
597	-1.9859	3.4341
598	-1.9911	3.4338
598.97	-1.9833	3.4319
