0	-3.8476	-0.9935
1.001	-3.0732	-1.5151
2.002	-2.6931	-1.1122
3.003	-2.0205	-0.55663
4.004	-1.8019	-0.33086
5.005	-1.2206	0.01209
6.006	-1.2719	0.13015
7.007	-1.376	0.60299
8.008	-1.2738	0.99862
9.009	-0.17981	1.2746
10.01	0.45164	1.9544
11.011	1.1306	2.2461
12.012	1.7836	3.3602
13.013	1.2708	3.7253
14.014	0.66848	3.9448
15.015	0.025354	4.0751
16.016	0.019238	4.0584
16.983	0.0077521	4.0658
17.984	0.00045211	4.0681
18.985	-0.86513	4.0867
19.986	-2.1287	3.7419
20.987	-3.1953	3.0056
21.988	-4.0161	1.9017
22.989	-4.3931	0.65706
23.99	-4.4244	-0.16872
24.991	-4.3747	-0.6756
25.992	-4.2762	-1.0582
26.993	-3.9783	-1.8364
27.994	-3.6639	-2.316
28.995	-3.2358	-2.8202
29.996	-2.8344	-3.165
30.997	-2.8591	-3.1418
31.998	-2.8501	-3.1626
32.999	-2.855	-3.1388
34	-2.8252	-3.156
35.001	-2.8197	-3.1401
36.002	-2.8095	-3.1585
37.003	-2.8076	-3.1562
38.004	-2.8031	-3.1432
39.005	-2.8079	-3.1573
40.006	-2.8067	-3.1564
41.007	-2.8307	-3.1418
42.008	-2.8289	-3.1405
43.009	-2.8307	-3.1422
44.01	-2.8307	-3.1422
45.011	-2.8257	-3.1561
46.012	-2.8287	-3.1397
47.013	-2.8303	-3.1416
48.014	-2.8059	-3.1648
49.015	-2.794	-3.1824
50.016	-2.7713	-3.1878
50.984	-2.7734	-3.1801
51.985	-2.7631	-3.1789
52.986	-2.7731	-3.18
53.987	-2.7775	-3.1746
54.988	-2.7658	-3.1816
55.989	-2.7701	-3.1861
56.99	-2.772	-3.1881
57.991	-2.7735	-3.1612
58.992	-2.764	-3.1793
59.993	-2.7572	-3.1732
60.994	-2.7642	-3.17
61.995	-2.7549	-3.1803
62.996	-2.7598	-3.1854
63.997	-2.7618	-3.1772
64.998	-2.7549	-3.1803
65.999	-2.7541	-3.1799
67	-2.7528	-3.1873
68.001	-2.7528	-3.1879
69.002	-2.7464	-3.1805
70.003	-2.761	-3.1881
71.004	-2.755	-3.1989
72.005	-2.7475	-3.2005
73.006	-2.7533	-3.1971
74.007	-2.7457	-3.1986
75.008	-2.7465	-3.1906
76.009	-2.7552	-3.1988
77.01	-2.7669	-3.203
78.011	-2.7669	-3.1835
79.012	-2.7688	-3.1839
80.013	-2.7703	-3.1956
81.014	-2.748	-3.1917
82.015	-2.7541	-3.1799
83.016	-2.7619	-3.1969
83.983	-2.7468	-3.2084
84.984	-2.7282	-3.2096
85.985	-2.7447	-3.2085
86.986	-2.7453	-3.2163
87.987	-2.7366	-3.2093
88.988	-2.7275	-3.2088
89.989	-2.7293	-3.2093
90.99	-2.7359	-3.2076
91.991	-2.7435	-3.1874
92.992	-2.7297	-3.2004
93.993	-2.7541	-3.2165
94.994	-2.7577	-3.2356
95.995	-2.8239	-3.1792
96.996	-2.8186	-3.1768
97.997	-2.8188	-3.1677
98.998	-2.8219	-3.1522
100	-2.803	-3.1616
101	-2.8219	-3.1522
102	-2.812	-3.154
103	-2.8202	-3.1514
104	-2.8198	-3.1526
105.01	-2.8199	-3.181
106.01	-2.8556	-3.1667
107.01	-2.9513	-3.0734
108.01	-2.9287	-3.0973
109.01	-2.923	-3.1011
110.01	-2.9219	-3.1006
111.01	-2.9294	-3.0989
112.01	-2.9222	-3.1008
113.01	-2.907	-3.1028
114.01	-2.9141	-3.1017
114.98	-2.9151	-3.104
115.98	-2.9141	-3.0995
116.98	-2.9132	-3.1107
117.98	-2.9166	-3.1046
118.99	-2.9128	-3.111
119.99	-2.9125	-3.1107
120.99	-2.9125	-3.1128
121.99	-2.8872	-3.1233
122.99	-2.8873	-3.1137
123.99	-2.888	-3.105
124.99	-2.8871	-3.1043
125.99	-2.8695	-3.1047
126.99	-2.8691	-3.1138
127.99	-2.863	-3.1127
129	-2.8785	-3.0869
130	-2.8689	-3.1133
131	-2.8685	-3.1043
132	-2.8704	-3.1064
133	-2.8785	-3.105
134	-2.8964	-3.1424
135	-2.9163	-3.1145
136	-2.8873	-3.0955
137	-2.8888	-3.0876
138	-2.8871	-3.1043
139.01	-2.8806	-3.0981
140.01	-2.8702	-3.0966
141.01	-2.8888	-3.097
142.01	-2.8785	-3.0956
143.01	-2.8792	-3.0983
144.01	-2.8865	-3.0963
145.01	-2.8871	-3.1043
146.01	-2.8888	-3.0963
147.01	-2.8785	-3.0956
148.01	-2.8871	-3.1043
149.01	-2.878	-3.0959
149.98	-2.888	-3.0977
150.98	-2.88	-3.097
151.99	-2.8804	-3.0944
152.99	-2.8702	-3.0899
153.99	-2.8858	-3.0883
154.99	-2.8845	-3.096
155.99	-2.8785	-3.0861
156.99	-2.8875	-3.0866
157.99	-2.8884	-3.0866
158.99	-2.896	-3.1227
159.99	-2.9052	-3.1317
160.99	-2.8793	-3.1056
162	-2.8771	-3.1038
163	-2.8695	-3.0952
164	-2.9209	-3.1095
165	-2.9902	-3.0281
166	-2.9897	-3.0266
167	-2.9918	-3.0106
168	-2.9924	-3.0201
169	-2.9996	-3.0179
170	-2.992	-3.002
171	-2.9862	-3.0049
172.01	-2.9916	-3.0014
173.01	-2.9995	-3.0086
174.01	-3	-3.0089
175.01	-2.9837	-3.011
176.01	-2.9899	-3.0176
177.01	-2.9742	-3.0026
178.01	-2.9925	-3.0026
179.01	-2.9829	-3.0017
180.01	-2.9838	-3.0028
181.01	-2.9971	-3.0063
182.01	-2.9978	-3.0072
182.98	-2.999	-3.0265
183.98	-2.9895	-3.0263
184.98	-2.9984	-3.025
185.99	-3.0156	-3.0259
186.99	-3.0153	-3.0263
187.99	-3.0302	-3.0298
188.99	-3.0175	-3.0176
189.99	-3.0184	-3.0086
190.99	-3.0091	-3.0088
191.99	-3.0083	-3.0547
192.99	-3.0829	-2.9795
193.99	-3.091	-2.9778
194.99	-3.091	-2.9772
196	-3.0985	-2.9668
197	-3.0894	-2.9759
198	-3.0918	-2.9688
199	-3.0719	-2.9773
200	-3.0553	-2.9794
201	-3.0649	-2.9796
202	-3.0571	-2.982
203	-3.0565	-2.9808
204	-3.0638	-2.9791
205.01	-3.0625	-2.9679
206.01	-3.0638	-2.9699
207.01	-3.0629	-2.9778
208.01	-3.0548	-2.9792
209.01	-3.0451	-2.9882
210.01	-3.051	-2.9939
211.01	-3.0533	-2.978
212.01	-3.0545	-2.9789
213.01	-3.0525	-2.977
214.01	-3.0512	-2.9757
215.01	-3.054	-2.9791
215.98	-3.0534	-2.9779
216.98	-3.0537	-2.9687
217.98	-3.0609	-2.9758
218.99	-3.0565	-2.9612
219.99	-3.0506	-2.9729
220.99	-3.0562	-2.9612
221.99	-3.0662	-2.9629
222.99	-3.0609	-2.966
223.99	-3.0552	-2.9606
224.99	-3.0567	-2.9706
225.99	-3.0618	-2.958
226.99	-3.0635	-2.9598
227.99	-3.0632	-2.9597
229	-3.0639	-2.9606
230	-3.0625	-2.9583
231	-3.065	-2.9608
232	-3.0571	-2.9625
233	-3.0669	-2.9631
234	-3.065	-2.962
235	-3.0663	-2.9621
236	-3.0711	-2.9672
237	-3.0644	-2.9684
238	-3.0724	-2.9682
239.01	-3.0727	-2.9679
240.01	-3.0724	-2.9583
241.01	-3.0735	-2.9599
242.01	-3.0724	-2.95
243.01	-3.0649	-2.9605
244.01	-3.0713	-2.9583
245.01	-3.072	-2.9588
246.01	-3.0676	-2.953
247.01	-3.0733	-2.9595
248.01	-3.074	-2.9614
249.01	-3.0736	-2.9508
249.98	-3.0682	-2.9534
250.98	-3.0668	-2.9624
251.99	-3.0752	-2.9518
252.99	-3.0805	-2.9583
253.99	-3.0755	-2.9514
254.99	-3.0815	-2.9586
255.99	-3.0823	-2.9505
256.99	-3.0808	-2.9572
257.99	-3.0825	-2.9593
258.99	-3.0838	-2.9428
259.99	-3.0829	-2.9512
260.99	-3.0778	-2.944
262	-3.078	-2.9462
263	-3.0847	-2.944
264	-3.0825	-2.9511
265	-3.0831	-2.9425
266	-3.0846	-2.944
267	-3.0825	-2.9415
268	-3.0927	-2.9491
269	-3.0861	-2.9431
270	-3.0916	-2.9477
271	-3.0917	-2.9503
272.01	-3.0845	-2.9507
273.01	-3.1015	-2.9486
274.01	-3.0947	-2.942
275.01	-3.0956	-2.9427
276.01	-3.0897	-2.9286
277.01	-3.1038	-2.9251
278.01	-3.1027	-2.9234
279.01	-3.0958	-2.9261
280.01	-3.0891	-2.9413
281.01	-3.0953	-2.9347
282.01	-3.097	-2.9268
282.98	-3.103	-2.9243
283.98	-3.0962	-2.9408
284.98	-3.0927	-2.9491
285.99	-3.109	-2.9371
286.99	-3.1343	-2.9076
287.99	-3.1864	-2.8846
288.99	-3.2048	-2.8641
289.99	-3.2249	-2.847
290.99	-3.2075	-2.8576
291.99	-3.2129	-2.8542
292.99	-3.2144	-2.8451
293.99	-3.2134	-2.8445
294.99	-3.2146	-2.8454
296	-3.2042	-2.8533
297	-3.2075	-2.8475
298	-3.2061	-2.8464
299	-3.2038	-2.8533
300	-3.2034	-2.8438
301	-3.204	-2.8454
302	-3.2032	-2.8444
303	-3.1906	-2.8505
304	-3.1954	-2.8545
305.01	-3.1963	-2.8562
306.01	-3.2048	-2.8457
307.01	-3.2018	-2.8428
308.01	-3.2061	-2.8475
309.01	-3.2048	-2.8457
310.01	-3.1909	-2.8501
311.01	-3.1897	-2.8494
312.01	-3.1909	-2.8501
313.01	-3.189	-2.848
314.01	-3.1892	-2.8484
315.01	-3.1978	-2.8481
315.98	-3.1882	-2.8479
316.98	-3.1877	-2.8566
317.98	-3.1901	-2.8494
318.99	-3.1884	-2.8589
319.99	-3.1895	-2.8491
320.99	-3.1887	-2.8575
321.99	-3.1894	-2.8486
322.99	-3.1888	-2.8488
323.99	-3.1831	-2.8522
324.99	-3.1839	-2.8631
325.99	-3.1881	-2.8572
326.99	-3.1862	-2.8555
327.99	-3.1884	-2.8568
329	-3.1811	-2.85
330	-3.1864	-2.8559
331	-3.1863	-2.8469
332	-3.1874	-2.8574
333	-3.1853	-2.8638
334	-3.1846	-2.8628
335	-3.1815	-2.8596
336	-3.1993	-2.8397
337	-3.1969	-2.8478
338	-3.197	-2.8467
339.01	-3.197	-2.8467
340.01	-3.1917	-2.8423
341.01	-3.2041	-2.8449
342.01	-3.1981	-2.8477
343.01	-3.1889	-2.8488
344.01	-3.1899	-2.8492
345.01	-3.1902	-2.8494
346.01	-3.1983	-2.8401
347.01	-3.1953	-2.845
348.01	-3.1891	-2.848
349.01	-3.1888	-2.8476
349.98	-3.19	-2.8496
350.98	-3.1883	-2.8484
351.99	-3.1902	-2.8494
352.99	-3.1881	-2.8475
353.99	-3.1889	-2.8493
354.99	-3.1874	-2.8466
355.99	-3.1888	-2.8492
356.99	-3.1876	-2.848
357.99	-3.1879	-2.8477
358.99	-3.1888	-2.8487
359.99	-3.1797	-2.8494
360.99	-3.1812	-2.8506
362	-3.1799	-2.8487
363	-3.1809	-2.8503
364	-3.1818	-2.8516
365	-3.181	-2.8507
366	-3.181	-2.8507
367	-3.1949	-2.8552
368	-3.257	-2.7939
369	-3.2993	-2.7699
370	-3.357	-2.7039
371	-3.3535	-2.7279
372.01	-3.3472	-2.7307
373.01	-3.3368	-2.7311
374.01	-3.3242	-2.7256
375.01	-3.3381	-2.7063
376.01	-3.3308	-2.7081
377.01	-3.3298	-2.7241
378.01	-3.3197	-2.7318
379.01	-3.3142	-2.7386
380.01	-3.3225	-2.7328
381.01	-3.3235	-2.7253
382.01	-3.3195	-2.7322
382.98	-3.3218	-2.7326
383.98	-3.3199	-2.7347
384.98	-3.3209	-2.7335
385.99	-3.3199	-2.7347
386.99	-3.3192	-2.7337
387.99	-3.3228	-2.709
388.99	-3.3201	-2.7324
389.99	-3.3226	-2.7092
390.99	-3.324	-2.7108
391.99	-3.3209	-2.7335
392.99	-3.3333	-2.7108
393.99	-3.3393	-2.708
394.99	-3.3302	-2.7167
396	-3.3313	-2.7169
397	-3.3321	-2.7091
398	-3.3374	-2.7147
399	-3.3375	-2.7058
400	-3.3379	-2.7155
401	-3.337	-2.7135
402	-3.3291	-2.7159
403	-3.3231	-2.7189
404	-3.3375	-2.7056
405.01	-3.3285	-2.7154
406.01	-3.3301	-2.7076
407.01	-3.3295	-2.7161
408.01	-3.3228	-2.709
409.01	-3.3292	-2.7162
410.01	-3.3303	-2.7169
411.01	-3.3302	-2.7076
412.01	-3.3227	-2.7332
413.01	-3.323	-2.7089
414.01	-3.3243	-2.7112
415.01	-3.3373	-2.7054
415.98	-3.3374	-2.7054
416.98	-3.329	-2.7303
417.98	-3.3293	-2.7064
418.99	-3.339	-2.707
419.99	-3.3238	-2.7104
420.99	-3.325	-2.7116
421.99	-3.327	-2.7332
422.99	-3.3245	-2.7259
423.99	-3.3216	-2.7173
424.99	-3.3231	-2.71
425.99	-3.3295	-2.7067
426.99	-3.3301	-2.7078
427.99	-3.3286	-2.715
429	-3.323	-2.7094
430	-3.3236	-2.7252
431	-3.323	-2.7094
432	-3.3229	-2.7185
433	-3.3368	-2.7051
434	-3.3219	-2.7365
435	-3.3223	-2.7185
436	-3.3219	-2.7177
437	-3.3362	-2.704
438	-3.3199	-2.7347
439.01	-3.3248	-2.7112
440.01	-3.3314	-2.7088
441.01	-3.321	-2.7315
442.01	-3.3316	-2.7091
443.01	-3.325	-2.7116
444.01	-3.331	-2.7086
445.01	-3.3221	-2.7352
446.01	-3.3205	-2.7166
447.01	-3.3314	-2.7088
448.01	-3.3297	-2.7071
449.01	-3.3242	-2.7256
449.98	-3.3204	-2.7329
450.98	-3.3247	-2.7113
451.99	-3.3247	-2.7113
452.99	-3.331	-2.7086
453.99	-3.328	-2.7334
454.99	-3.3308	-2.7081
455.99	-3.3225	-2.7326
456.99	-3.3295	-2.7069
457.99	-3.3232	-2.7098
458.99	-3.323	-2.7094
459.99	-3.3229	-2.7096
460.99	-3.3292	-2.7306
462	-3.3278	-2.7145
463	-3.3284	-2.7301
464	-3.3231	-2.7246
465	-3.328	-2.7299
466	-3.3299	-2.7163
467	-3.3308	-2.7082
468	-3.3308	-2.7082
469	-3.3308	-2.6986
470	-3.3223	-2.7097
471	-3.3308	-2.6986
472.01	-3.3228	-2.7186
473.01	-3.3303	-2.7074
474.01	-3.3218	-2.7349
475.01	-3.3218	-2.7326
476.01	-3.3243	-2.7111
477.01	-3.3295	-2.7161
478.01	-3.3279	-2.7315
479.01	-3.3284	-2.7151
480.01	-3.3227	-2.7332
481.01	-3.3307	-2.7083
482.01	-3.3207	-2.7314
482.98	-3.329	-2.7321
483.98	-3.3225	-2.7328
484.98	-3.3287	-2.7212
485.99	-3.3305	-2.7078
486.99	-3.3242	-2.7113
487.99	-3.3227	-2.7332
488.99	-3.324	-2.7108
489.99	-3.3302	-2.7167
490.99	-3.324	-2.7108
491.99	-3.3247	-2.7113
492.99	-3.3225	-2.7328
493.99	-3.3248	-2.7112
494.99	-3.3277	-2.7314
496	-3.329	-2.7233
497	-3.3225	-2.7235
498	-3.3291	-2.7226
499	-3.3238	-2.7104
500	-3.3215	-2.7174
501	-3.3236	-2.7252
502	-3.3242	-2.7256
503	-3.3238	-2.7104
504	-3.3266	-2.7318
505.01	-3.323	-2.7094
506.01	-3.3307	-2.7083
507.01	-3.3209	-2.7345
508.01	-3.3307	-2.7083
509.01	-3.3201	-2.7424
510.01	-3.3661	-2.7049
511.01	-3.3567	-2.7143
512.01	-3.3564	-2.7205
513.01	-3.3652	-2.7028
514.01	-3.364	-2.6841
515.01	-3.3591	-2.6795
515.98	-3.3653	-2.6861
516.98	-3.3574	-2.6871
517.98	-3.3587	-2.6789
518.99	-3.3595	-2.6796
519.99	-3.3703	-2.6627
520.99	-3.3686	-2.6798
521.99	-3.359	-2.6791
522.99	-3.366	-2.6865
523.99	-3.3663	-2.6867
524.99	-3.3663	-2.6867
525.99	-3.3651	-2.6847
526.99	-3.3796	-2.6638
527.99	-3.3679	-2.6788
529	-3.3792	-2.6624
530	-3.3693	-2.6803
531	-3.3683	-2.6795
532	-3.369	-2.68
533	-3.3693	-2.6803
534	-3.375	-2.6954
535	-3.3976	-2.6711
536	-3.3952	-2.6599
537	-3.4029	-2.6374
538	-3.3964	-2.6404
539.01	-3.3896	-2.643
540.01	-3.3998	-2.6254
541.01	-3.4061	-2.6305
542.01	-3.4049	-2.621
543.01	-3.4144	-2.6203
544.01	-3.4057	-2.6205
545.01	-3.4144	-2.6208
546.01	-3.4156	-2.6035
547.01	-3.4167	-2.6054
548.01	-3.3993	-2.6145
549.01	-3.407	-2.6218
549.98	-3.4166	-2.6047
550.98	-3.4137	-2.6026
551.99	-3.4138	-2.6025
552.99	-3.4064	-2.6036
553.99	-3.4199	-2.599
554.99	-3.4102	-2.6078
555.99	-3.4065	-2.6126
556.99	-3.3993	-2.6156
557.99	-3.407	-2.6133
558.99	-3.4153	-2.6122
559.99	-3.415	-2.6031
560.99	-3.4158	-2.6218
562	-3.4133	-2.6288
563	-3.4311	-2.6285
564	-3.431	-2.6286
565	-3.404	-2.6388
566	-3.3887	-2.652
567	-3.3784	-2.6519
568	-3.3644	-2.6708
569	-3.416	-2.6311
570	-3.415	-2.6306
571	-3.4156	-2.6405
572.01	-3.4167	-2.6328
573.01	-3.4209	-2.6375
574.01	-3.4128	-2.6478
575.01	-3.4143	-2.6489
576.01	-3.4133	-2.658
577.01	-3.4111	-2.6473
578.01	-3.4128	-2.6488
579.01	-3.4135	-2.648
580.01	-3.4121	-2.6474
581.01	-3.4128	-2.6555
582.01	-3.4121	-2.6474
582.98	-3.4117	-2.6562
583.98	-3.4063	-2.6518
584.98	-3.4115	-2.6475
585.99	-3.4045	-2.6679
586.99	-3.4107	-2.6646
587.99	-3.4161	-2.6499
588.99	-3.3878	-2.6612
589.99	-3.3691	-2.6617
590.99	-3.3688	-2.6614
591.99	-3.3618	-2.6643
592.99	-3.3685	-2.6631
593.99	-3.3686	-2.6609
594.99	-3.368	-2.6701
596	-3.3678	-2.6692
597	-3.3614	-2.6725
598	-3.3585	-2.6883
599	-3.3592	-2.6698
