0	-4.2056	1.8091
1.001	-3.6504	2.7304
2.002	-3.2971	3.1031
3.003	-2.3185	3.8062
4.004	-1.5302	4.165
5.005	-0.77309	4.303
6.006	0.12713	4.3213
7.007	1.3355	4.0697
8.008	2.1158	3.6674
9.009	2.8479	3.0682
10.01	3.5311	2.2069
11.011	3.9392	1.3184
12.012	4.1409	0.11098
13.013	4.1087	-0.61924
14.014	3.9061	-1.4454
15.015	3.5285	-2.2886
16.016	2.9866	-3.0555
16.983	1.8712	-3.9124
17.984	1.0909	-4.2486
18.985	0.13187	-4.4277
19.986	-0.91868	-4.4021
20.987	-1.9814	-4.0845
21.988	-2.829	-3.6118
22.989	-3.6699	-2.8107
23.99	-4.2416	-1.8848
24.991	-4.5919	-0.60481
25.992	-4.6121	0.3145
26.993	-4.2431	1.6996
27.994	-3.3985	2.9633
28.995	-2.3966	3.7557
29.996	-2.2741	3.8178
30.997	-1.5864	4.1132
31.998	-0.10119	4.3398
32.999	1.1653	4.1084
34	2.272	3.5616
35.001	3.2413	2.6358
36.002	3.7174	1.837
37.003	3.7835	1.7211
38.004	3.818	1.6314
39.005	3.817	1.6277
40.006	3.8166	1.6307
41.007	3.8354	1.5731
42.008	4.0787	0.64812
43.009	4.1382	-0.43927
44.01	3.9733	-1.2869
45.011	3.7351	-1.9137
46.012	3.4485	-2.4023
47.013	2.863	-3.168
48.014	1.8317	-3.9149
49.015	0.80121	-4.3222
50.016	-0.072979	-4.4381
50.984	-1.4105	-4.2922
51.985	-2.2768	-3.9401
52.986	-3.1591	-3.3392
53.987	-3.8026	-2.6325
54.988	-4.0667	-2.2034
55.989	-4.349	-1.6248
56.99	-4.5326	-0.93236
57.991	-4.6205	0.17673
58.992	-4.2034	1.7622
59.993	-3.5639	2.7796
60.994	-2.6882	3.576
61.995	-1.9288	3.9908
62.996	-0.9025	4.2769
63.997	0.35931	4.2849
64.998	0.73155	4.2313
65.999	0.73321	4.2187
67	0.73959	4.2151
68.001	0.75899	4.1997
69.002	1.1527	4.1074
70.003	1.1055	4.0967
71.004	1.2633	4.0126
72.005	0.96368	4.1739
73.006	0.79894	4.2298
74.007	-0.29695	4.3156
75.008	-0.8656	4.2893
76.009	-2.2231	3.8344
77.01	-2.305	3.5022
78.011	-2.138	2.049
79.012	-3.0889	1.4412
80.013	-3.6667	2.1341
81.014	-3.6674	2.5071
82.015	-2.9205	2.2826
83.016	-2.9012	2.275
83.983	-2.8932	2.2699
84.984	-2.8986	2.2745
85.985	-2.8963	2.2598
86.986	-2.9005	2.2769
87.987	-2.897	2.2738
88.988	-2.91	2.2666
89.989	-2.8913	2.2605
90.99	-2.9048	2.2684
91.991	-2.895	2.2666
92.992	-2.8988	2.2692
93.993	-2.8923	2.2655
94.994	-2.7539	1.9283
95.995	-2.6443	1.4351
96.996	-2.6476	1.4465
97.997	-2.6402	1.4388
98.998	-2.6428	1.4507
100	-2.6373	1.4546
101	-2.6475	1.45
102	-2.6409	1.4433
103	-2.6419	1.4569
104	-2.64	1.4524
105.01	-2.636	1.4441
106.01	-2.6264	1.4537
107.01	-2.6263	1.4735
108.01	-2.6217	1.4729
109.01	-2.6196	1.4699
110.01	-2.6222	1.4825
111.01	-2.6212	1.4816
112.01	-2.6226	1.4749
113.01	-2.6231	1.4876
114.01	-2.6235	1.4797
114.98	-2.6202	1.4757
115.98	-2.6299	1.476
116.98	-2.6239	1.4724
117.98	-2.6208	1.4785
118.99	-2.6259	1.4763
119.99	-2.6306	1.4794
120.99	-2.6267	1.4709
121.99	-2.6242	1.4711
122.99	-2.6239	1.472
123.99	-2.6273	1.4769
124.99	-2.6284	1.4718
125.99	-2.6314	1.4767
126.99	-2.6293	1.4791
127.99	-2.6297	1.4772
129	-2.6265	1.4716
130	-2.6312	1.4779
131	-2.628	1.4763
132	-2.631	1.4767
133	-2.6274	1.4732
134	-2.6318	1.4751
135	-2.6294	1.4778
136	-2.6306	1.4791
137	-2.6301	1.4744
138	-2.6328	1.4732
139.01	-2.6297	1.4652
140.01	-2.6354	1.469
141.01	-2.6345	1.4686
142.01	-2.6303	1.4634
143.01	-2.6337	1.4686
144.01	-2.6326	1.4635
145.01	-2.7646	1.1689
146.01	-3.486	0.27187
147.01	-4.4912	0.55793
148.01	-3.8904	1.6319
149.01	-3.1994	2.4552
149.98	-2.0482	3.2407
150.98	-0.77586	4.1626
151.99	0.21496	3.7385
152.99	1.1357	2.7362
153.99	1.4459	2.097
154.99	1.4328	2.1304
155.99	1.4399	2.1018
156.99	1.4477	2.0987
157.99	1.4352	2.0992
158.99	1.4391	2.1011
159.99	1.4365	2.0988
160.99	1.4376	2.0977
162	1.4453	2.0966
163	1.4493	2.097
164	1.4456	2.0947
165	1.4371	2.0973
166	1.4407	2.0934
167	1.442	2.0971
168	1.4449	2.092
169	1.4519	2.0965
170	1.4428	2.0978
171	1.4472	2.0893
172.01	1.4491	2.0908
173.01	1.4403	2.096
174.01	1.4426	2.0975
175.01	1.4454	2.0807
176.01	1.4627	2.0563
177.01	1.4718	2.0444
178.01	1.4595	2.0462
179.01	1.4623	2.0383
180.01	1.4602	2.038
181.01	1.4652	2.0435
182.01	1.474	2.0384
182.98	1.4653	2.04
183.98	1.467	2.033
184.98	1.4781	2.0286
185.99	1.4704	2.0296
186.99	1.4769	2.027
187.99	1.459	2.0248
188.99	1.4378	2.0738
189.99	1.4487	2.0691
190.99	1.4515	2.0682
191.99	1.4616	2.0505
192.99	1.466	2.043
193.99	1.4612	2.045
194.99	1.483	2.0087
196	1.3666	1.816
197	1.1321	0.86782
198	0.97721	0.17428
199	0.94436	0.11043
200	0.94315	0.08825
201	0.93305	0.098048
202	0.93021	0.085062
203	0.9285	0.087867
204	0.9299	0.084071
205.01	0.92828	0.086893
206.01	0.93816	0.095781
207.01	0.92653	0.099548
208.01	0.93345	0.093606
209.01	0.92551	0.08803
210.01	0.92572	0.082193
211.01	0.9262	0.087184
212.01	0.9326	0.083808
213.01	0.93133	0.089742
214.01	0.92994	0.082617
215.01	0.92748	0.081003
215.98	0.92947	0.083689
216.98	0.93011	0.086896
217.98	0.93771	0.10379
218.99	0.92652	0.093939
219.99	0.92219	0.091532
220.99	0.9052	0.088738
221.99	0.92146	0.078088
222.99	0.93356	0.089269
223.99	0.9231	0.091482
224.99	0.93651	0.091794
225.99	0.92093	0.092324
226.99	0.93379	0.10121
227.99	0.94174	0.1119
229	0.91811	0.091525
230	0.92834	0.1158
231	0.92457	0.087318
232	0.92515	0.098862
233	0.91913	0.10477
234	0.92483	0.095815
235	0.92193	0.073007
236	0.92148	0.081775
237	0.92844	0.084832
238	0.9372	0.089465
239.01	0.93308	0.087618
240.01	0.93124	0.11282
241.01	0.9259	0.10198
242.01	0.91589	0.093611
243.01	0.92726	0.086164
244.01	0.92598	0.07679
245.01	0.92432	0.083855
246.01	0.93057	0.076242
247.01	0.93125	0.078107
248.01	0.93137	0.088976
249.01	0.9318	0.1243
249.98	0.91331	0.12941
250.98	0.94199	0.12016
251.99	0.94614	0.11621
252.99	0.94305	0.11018
253.99	0.94942	0.11946
254.99	0.94669	0.11276
255.99	0.94489	0.12094
256.99	0.9394	0.12128
257.99	0.93826	0.12281
258.99	0.93592	0.12048
259.99	0.9437	0.13112
260.99	0.9362	0.13454
262	0.94203	0.13405
263	0.93122	0.13931
264	0.94124	0.13207
265	0.93098	0.14561
266	0.91393	0.06793
267	0.88608	0.082083
268	0.91017	0.078685
269	0.91146	0.086009
270	0.91123	0.08749
271	0.91069	0.088895
272.01	0.91266	0.084328
273.01	0.89783	0.08149
274.01	0.89758	0.095833
275.01	0.8983	0.098953
276.01	0.89854	0.10039
277.01	0.89764	0.099756
278.01	0.88922	0.10221
279.01	0.89404	0.098777
280.01	0.89872	0.10069
281.01	0.89212	0.10159
282.01	0.9004	0.11086
282.98	0.8975	0.10125
283.98	0.90104	0.112
284.98	0.90022	0.10738
285.99	0.90217	0.11582
286.99	0.89874	0.12021
287.99	0.9002	0.11214
288.99	0.90256	0.11648
289.99	0.89937	0.11553
290.99	0.89809	0.1158
291.99	0.89455	0.11726
292.99	0.89246	0.11486
293.99	0.89155	0.11593
294.99	0.88837	0.10202
296	0.88819	0.102
297	0.89024	0.1131
298	0.88617	0.064374
299	0.92318	0.057538
300	0.93814	0.068135
301	0.94352	0.07504
302	0.94822	0.075845
303	0.95248	0.07619
304	0.9544	0.088376
305.01	0.93797	0.070366
306.01	0.94434	0.066904
307.01	0.93811	0.072678
308.01	0.93912	0.088554
309.01	0.93952	0.0721
310.01	0.93225	0.072325
311.01	0.93633	0.071204
312.01	0.93276	0.063034
313.01	0.93547	0.070809
314.01	0.93148	0.068018
315.01	0.93872	0.06818
315.98	0.9327	0.069407
316.98	0.93134	0.066889
317.98	0.93928	0.067951
318.99	0.93705	0.068748
319.99	0.93204	0.067622
320.99	0.92995	0.071143
321.99	0.93511	0.074685
322.99	0.93364	0.071384
323.99	0.93047	0.074144
324.99	0.93247	0.072347
325.99	0.93425	0.075178
326.99	0.9315	0.070499
327.99	0.93266	0.059846
329	0.93322	0.070022
330	0.93439	0.07451
331	0.93569	0.062446
332	0.93493	0.065434
333	0.94171	0.068738
334	0.93794	0.067891
335	0.93192	0.073811
336	0.93072	0.072896
337	0.93314	0.069875
338	0.93382	0.070743
339.01	0.92878	0.067645
340.01	0.93546	0.070202
341.01	0.92997	0.06923
342.01	0.93143	0.071587
343.01	0.93907	0.069539
344.01	0.93348	0.069105
345.01	0.9306	0.072182
346.01	0.93324	0.067935
347.01	0.93314	0.075862
348.01	0.93009	0.075164
349.01	0.93071	0.071328
349.98	0.93089	0.074693
350.98	0.92843	0.066561
351.99	0.92877	0.065214
352.99	0.93859	0.065303
353.99	0.928	0.061894
354.99	0.93722	0.061287
355.99	0.92977	0.067524
356.99	0.93024	0.060683
357.99	0.93353	0.067178
358.99	0.92715	0.061399
359.99	0.93099	0.068127
360.99	0.93187	0.073063
362	0.93042	0.071069
363	0.9458	0.071167
364	0.93022	0.067053
365	0.93179	0.070461
366	0.93039	0.067023
367	0.93597	0.06713
368	0.93127	0.071003
369	0.93657	0.075664
370	0.93002	0.059642
371	0.93362	0.058253
372.01	0.93094	0.060278
373.01	0.93576	0.076019
374.01	0.93419	0.066187
375.01	0.92976	0.065364
376.01	0.92925	0.066372
377.01	0.92999	0.063651
378.01	0.9313	0.066171
379.01	0.93339	0.06439
380.01	0.93289	0.069537
381.01	0.95079	0.07326
382.01	0.94028	0.050135
382.98	0.92875	0.038782
383.98	0.93071	0.039219
384.98	0.93163	0.044756
385.99	0.92981	0.038517
386.99	0.93259	0.048718
387.99	0.92838	0.043779
388.99	0.93545	0.054381
389.99	0.93266	0.041943
390.99	0.93525	0.058353
391.99	0.93777	0.050561
392.99	0.93207	0.040102
393.99	0.93212	0.039932
394.99	0.93462	0.04542
396	0.93558	0.043848
397	0.93505	0.043954
398	0.93586	0.042966
399	0.93769	0.061456
400	0.93523	0.042575
401	0.93415	0.047364
402	0.93631	0.045163
403	0.93203	0.045095
404	0.93889	0.051201
405.01	0.93458	0.04418
406.01	0.92911	0.041342
407.01	0.93595	0.045478
408.01	0.93884	0.044802
409.01	0.93602	0.043539
410.01	0.93483	0.042931
411.01	0.93649	0.048247
412.01	0.9293	0.042064
413.01	0.93456	0.051917
414.01	0.93562	0.04548
415.01	0.93372	0.0426
415.98	0.93688	0.042006
416.98	0.93751	0.042718
417.98	0.93358	0.039968
418.99	0.93634	0.04831
419.99	0.93472	0.04319
420.99	0.93243	0.040132
421.99	0.93571	0.04299
422.99	0.93385	0.038459
423.99	0.93616	0.042267
424.99	0.93644	0.044639
425.99	0.93319	0.048052
426.99	0.93602	0.042996
427.99	0.93581	0.046062
429	0.93025	0.039722
430	0.93839	0.04491
431	0.9381	0.05938
432	0.93616	0.048555
433	0.93566	0.042086
434	0.93654	0.043597
435	0.9312	0.040519
436	0.93724	0.042966
437	0.93423	0.043591
438	0.93716	0.042796
439.01	0.93674	0.043395
440.01	0.93495	0.044106
441.01	0.93093	0.046593
442.01	0.92913	0.04396
443.01	0.93069	0.03969
444.01	0.93321	0.041657
445.01	0.93506	0.04179
446.01	0.93574	0.04373
447.01	0.93478	0.043095
448.01	0.93483	0.049371
449.01	0.93311	0.057233
449.98	0.93534	0.044471
450.98	0.9314	0.03981
451.99	0.93424	0.043921
452.99	0.93298	0.050211
453.99	0.92935	0.041296
454.99	0.93503	0.046339
455.99	0.93447	0.058284
456.99	0.93604	0.04359
457.99	0.93916	0.054548
458.99	0.9314	0.03981
459.99	0.93192	0.041769
460.99	0.93226	0.042289
462	0.93444	0.042447
463	0.93928	0.052614
464	0.93681	0.043221
465	0.93311	0.043282
466	0.93489	0.043019
467	0.92991	0.043536
468	0.93443	0.042352
469	0.93771	0.047933
470	0.93477	0.05639
471	0.92966	0.039954
472.01	0.93705	0.063693
473.01	0.93619	0.057465
474.01	0.93216	0.049144
475.01	0.93679	0.05388
476.01	0.93374	0.049011
477.01	0.93588	0.045246
478.01	0.93452	0.049425
479.01	0.93547	0.044334
480.01	0.93804	0.05681
481.01	0.9369	0.042811
482.01	0.93762	0.043286
482.98	0.92354	0.040848
483.98	0.91767	0.051986
484.98	0.92772	0.072089
485.99	0.92582	0.055281
486.99	0.92642	0.061552
487.99	0.92684	0.071508
488.99	0.92796	0.062461
489.99	0.92612	0.053623
490.99	0.92808	0.065485
491.99	0.92745	0.061163
492.99	0.92696	0.062178
493.99	0.93231	0.063335
494.99	0.93076	0.063941
496	0.93043	0.073749
497	0.93085	0.065644
498	0.92306	0.064108
499	0.92618	0.063491
500	0.92463	0.064348
501	0.93006	0.066105
502	0.92411	0.062257
503	0.93245	0.064193
504	0.92647	0.065098
505.01	0.9294	0.077209
506.01	0.92716	0.077663
507.01	0.92818	0.065445
508.01	0.92493	0.064379
509.01	0.92368	0.06482
510.01	0.9244	0.06888
511.01	0.92049	0.061732
512.01	0.92899	0.067033
513.01	0.92414	0.070535
514.01	0.92524	0.078037
515.01	0.93109	0.075033
515.98	0.92486	0.069453
516.98	0.92576	0.070918
517.98	0.92708	0.072235
518.99	0.92573	0.063752
519.99	0.92497	0.065214
520.99	0.92454	0.065735
521.99	0.92406	0.069116
522.99	0.92454	0.064938
523.99	0.9236	0.065017
524.99	0.9247	0.066251
525.99	0.92359	0.066112
526.99	0.92321	0.066126
527.99	0.92671	0.06496
529	0.92828	0.068282
530	0.92553	0.072114
531	0.92671	0.091167
532	0.92271	0.08667
533	0.92508	0.077308
534	0.92919	0.092181
535	0.92383	0.074196
536	0.9272	0.080126
537	0.92539	0.077024
538	0.93037	0.075184
539.01	0.92931	0.078854
540.01	0.92357	0.070748
541.01	0.92293	0.066515
542.01	0.93126	0.075859
543.01	0.92768	0.073878
544.01	0.92337	0.078379
545.01	0.9271	0.069719
546.01	0.92375	0.078278
547.01	0.92491	0.066511
548.01	0.92348	0.068714
549.01	0.92364	0.072712
549.98	0.9292	0.079713
550.98	0.92737	0.074292
551.99	0.93245	0.075474
552.99	0.93044	0.090738
553.99	0.92742	0.081444
554.99	0.93267	0.081149
555.99	0.92867	0.080277
556.99	0.92811	0.079078
557.99	0.92576	0.080689
558.99	0.92542	0.076833
559.99	0.93013	0.088954
560.99	0.93024	0.077554
562	0.92429	0.076668
563	0.92896	0.070144
564	0.9257	0.075825
565	0.93204	0.073785
566	0.92545	0.077501
567	0.93494	0.080079
568	0.92429	0.082684
569	0.92735	0.072871
570	0.93171	0.080776
571	0.9241	0.076719
572.01	0.92753	0.080656
573.01	0.92742	0.072443
574.01	0.9228	0.072111
575.01	0.92207	0.078503
576.01	0.92971	0.076622
577.01	0.92884	0.078648
578.01	0.92506	0.068715
579.01	0.92466	0.068524
580.01	0.92511	0.07015
581.01	0.92292	0.06889
582.01	0.92939	0.07025
582.98	0.92249	0.068465
583.98	0.92305	0.069175
584.98	0.92336	0.071716
585.99	0.92746	0.077568
586.99	0.92641	0.074531
587.99	0.92282	0.068475
588.99	0.92797	0.07037
589.99	0.92394	0.068065
590.99	0.92517	0.068227
591.99	0.92767	0.080483
592.99	0.93119	0.088009
593.99	0.92338	0.069131
594.99	0.92336	0.072312
596	0.92902	0.091167
597	0.92767	0.073849
598	0.92772	0.08004
598.97	0.92384	0.057987
