0	-2.8135	2.7012
1.001	-3.413	1.9009
2.002	-3.8871	0.2795
3.003	-3.6487	-1.3903
4.004	-2.7827	-2.7642
5.005	-1.7967	-3.5186
6.006	-0.4644	-3.9483
7.007	0.33653	-3.9588
8.008	1.2969	-3.8084
9.009	2.3585	-3.2776
10.01	3.48	-2.0875
11.011	3.9334	-0.9813
12.012	4.0518	0.14163
13.013	3.9313	0.96535
14.014	3.2714	2.3824
15.015	2.4727	3.1921
16.016	1.2431	3.8302
16.983	0.089093	3.9627
17.984	-0.86976	3.8502
18.985	-2.0405	3.3519
19.986	-2.9288	2.5744
20.987	-3.6243	1.4265
21.988	-3.8411	0.56441
22.989	-3.7453	-1.1182
23.99	-3.2539	-2.1917
24.991	-2.0611	-3.3506
25.992	-0.63258	-3.9214
26.993	-0.019935	-3.9658
27.994	0.91924	-3.8814
28.995	2.3444	-3.2654
29.996	2.8464	-2.8648
30.997	3.5154	-1.9875
31.998	4.0016	-0.61815
32.999	4.0501	0.13252
34	4.0535	0.32096
35.001	3.8982	1.1199
36.002	3.7538	1.4895
37.003	2.9572	2.7559
38.004	1.9376	3.5279
39.005	0.88489	3.9178
40.006	-0.22773	3.9669
41.007	-1.1033	3.7912
42.008	-2.4382	3.0677
43.009	-2.7335	2.7928
44.01	-3.5772	1.5468
45.011	-3.8888	0.22416
46.012	-3.7919	-0.95427
47.013	-3.4602	-1.8369
48.014	-2.8823	-2.6693
49.015	-1.8526	-3.4836
50.016	-0.387	-3.9548
50.984	-0.1766	-3.9648
51.985	-0.17005	-3.9741
52.986	-0.16487	-3.9692
53.987	-0.17232	-3.9688
54.988	-0.16516	-3.9719
55.989	-0.17063	-3.9659
56.99	-0.17221	-3.9713
57.991	-0.16604	-3.9748
58.992	-0.12809	-3.9673
59.993	0.70248	-3.9269
60.994	1.9546	-3.5183
61.995	3.1105	-2.575
62.996	3.8726	-1.1935
63.997	4.0529	-0.09092
64.998	4.05	0.1778
65.999	3.9244	0.9491
67	3.179	1.2982
68.001	2.5396	1.2742
69.002	2.4438	1.2421
70.003	2.243	1.0043
71.004	2.3359	-0.14948
72.005	3.0537	-0.81738
73.006	3.5842	-1.5657
74.007	3.593	-1.5665
75.008	3.5513	-1.5699
76.009	3.5632	-1.5738
77.01	3.559	-1.5683
78.011	3.6008	-1.5732
79.012	3.6851	-1.7218
80.013	3.6657	-1.7604
81.014	3.5747	-1.8979
82.015	3.2397	-2.417
83.016	2.3724	-3.2617
83.983	1.0706	-3.8403
84.984	-0.20327	-3.9697
85.985	-1.3349	-3.7226
86.986	-1.3815	-3.7207
87.987	-1.3875	-3.7229
88.988	-1.374	-3.7244
89.989	-1.3895	-3.7245
90.99	-1.3888	-3.7233
91.991	-1.382	-3.7259
92.992	-1.3825	-3.725
93.993	-1.3814	-3.7255
94.994	-1.3816	-3.7235
95.995	-1.3889	-3.7215
96.996	-1.3825	-3.7218
97.997	-1.39	-3.7191
98.998	-1.3808	-3.7204
100	-1.3876	-3.7141
101	-1.3923	-3.713
102	-1.3925	-3.7122
103	-1.3863	-3.7018
104	-1.3902	-3.7008
105	-1.4059	-3.6829
106.01	-1.4063	-3.6776
107.01	-1.4075	-3.674
108.01	-1.4035	-3.6752
109.01	-1.7526	-3.5307
110.01	-1.8776	-3.0875
111.01	-1.0842	-1.2953
112.01	0.017695	0.017009
113.01	2.0854	0.17653
114.01	3.8637	-0.75158
114.98	3.555	-0.81461
115.98	3.4494	-0.9243
116.98	3.1997	-1.269
117.98	3.4067	-2.0335
118.98	3.407	-2.2055
119.99	3.0747	-2.6187
120.99	2.2657	-3.3186
121.99	1.2261	-3.7966
122.99	0.95902	-3.8511
123.99	0.80724	-3.9106
124.99	0.16818	-3.9738
125.99	-1.1184	-3.7856
126.99	-2.2558	-3.2191
127.99	-3.1925	-2.2748
129	-3.7077	-1.2254
130	-3.88	-0.11196
131	-3.8283	0.65392
132	-3.785	0.88108
133	-3.7419	1.0729
134	-3.5304	1.6325
135	-3.0621	2.4055
136	-2.4982	2.9932
137	-1.7845	3.4843
138	-1.4765	3.3025
139	-1.4626	3.2587
140.01	-1.4697	3.2576
141.01	-1.4615	3.254
142.01	-1.466	3.2577
143.01	-1.4686	3.2512
144.01	-1.4665	3.249
145.01	-1.4609	3.2474
146.01	-1.4595	3.248
147.01	-1.4591	3.246
148.01	-1.4545	3.2492
149.01	-1.4643	3.2586
149.98	-1.4603	3.2454
150.98	-1.4608	3.2425
151.99	-1.4572	3.242
152.99	-1.4504	3.2414
153.99	-1.4536	3.2503
154.99	-1.4536	3.2508
155.99	-1.4582	3.2496
156.99	-1.4537	3.2496
157.99	-1.4503	3.2412
158.99	-1.4472	3.244
159.99	-1.4646	3.2638
160.99	-1.4677	3.2651
162	-1.4598	3.2528
163	-1.4498	3.2569
164	-1.4556	3.2185
165	-1.4423	3.2402
166	-1.4299	3.2394
167	-1.4283	3.2301
168	-1.426	3.2278
169	-1.4253	3.2287
170	-1.4278	3.233
171	-1.436	3.2283
172	-1.1936	2.8131
173.01	0.05128	1.2597
174.01	1.6991	-0.17326
175.01	3.3119	-1.7337
176.01	3.299	-1.4609
177.01	3.2838	-1.4629
178.01	3.2964	-1.4786
179.01	3.2927	-1.4891
180.01	3.2863	-1.4813
181.01	3.2638	-1.481
182.01	3.2539	-1.4809
182.98	3.6596	-1.5694
183.98	3.6819	-1.5574
184.98	3.6724	-1.5601
185.99	3.6756	-1.5639
186.99	3.6892	-1.5581
187.99	3.8888	-1.1164
188.99	3.9515	-0.91728
189.99	3.9147	-1.0961
190.99	3.9237	-1.1049
191.99	4.0409	-0.4555
192.99	3.9948	0.69221
193.99	3.3355	1.0951
194.99	3.3427	1.1076
196	3.3236	1.1157
197	3.3272	1.1026
198	3.3408	1.1113
199	3.3295	1.1136
200	3.3357	1.1103
201	3.333	1.1131
202	3.3329	1.0997
203	3.3328	1.1063
204	3.3353	1.1128
205	3.339	1.1013
206.01	3.3281	1.1005
207.01	3.339	1.1142
208.01	3.329	1.0982
209.01	3.3396	1.1064
210.01	3.3403	1.1139
211.01	3.3338	1.1075
212.01	3.3415	1.1143
213.01	3.3174	1.1012
214.01	3.2798	1.0344
215.01	3.1832	0.81461
215.98	3.3109	0.062575
216.98	3.5642	-0.31035
217.98	3.9121	-0.78438
218.99	3.8365	-1.0349
219.99	3.6307	-1.7255
220.99	3.4807	-1.9576
221.99	2.9483	-2.2111
222.99	1.9446	-3.4601
223.99	1.7097	-3.6209
224.99	1.4068	-3.7294
225.99	1.2084	-3.8128
226.99	0.4169	-3.9424
227.99	-0.60115	-3.9249
229	-1.4757	-3.6775
230	-1.5271	-3.6606
231	-1.5138	-3.6712
232	-1.5204	-3.6691
233	-1.4813	-3.6874
234	-1.5016	-3.6731
235	-1.4382	-3.706
236	-1.4168	-3.7074
237	-1.1774	-3.7883
238	-0.61584	-3.9213
239	-0.088318	-3.9699
240.01	0.77981	-3.9078
241.01	1.7477	-3.6081
242.01	2.8	-2.9072
243.01	3.5869	-1.8758
244.01	3.9579	-0.9031
245.01	3.9954	-0.72646
246.01	4.0588	-0.041886
247.01	3.9992	0.63376
248.01	3.996	0.71329
249.01	3.9425	0.93521
249.98	3.9236	1.0326
250.98	3.733	1.5828
251.99	3.1614	2.5022
252.99	2.422	3.22
253.99	2.0494	3.3862
254.99	1.134	3.3889
255.99	-0.39478	3.4138
256.99	-0.84611	3.3003
257.99	-0.85368	3.2478
258.99	-0.82831	3.2065
259.99	-0.82293	3.224
260.99	-0.78657	3.2056
262	-0.78698	3.2045
263	-0.7814	3.1976
264	-0.78433	3.1964
265	-0.78715	3.1988
266	-0.78721	3.1923
267	-0.79111	3.1998
268	-0.79158	3.2036
269	-0.78658	3.1995
270	-0.78536	3.1937
271	-0.78988	3.2055
272	-0.78534	3.1953
273.01	-0.7824	3.2067
274.01	-0.78662	3.2074
275.01	-0.78452	3.1968
276.01	-0.7926	3.2057
277.01	-0.78486	3.1958
278.01	-0.78448	3.1975
279.01	-0.82027	3.191
280.01	-0.82557	3.1932
281.01	-0.82468	3.1935
282.01	-0.82533	3.196
282.98	-0.82553	3.196
283.98	-0.82612	3.2058
284.98	-0.82546	3.1912
285.99	-0.82746	3.1935
286.99	-0.82372	3.195
287.99	-0.82255	3.1935
288.99	-0.8216	3.1939
289.99	-0.82522	3.1976
290.99	-0.8243	3.1983
291.99	-0.82781	3.1988
292.99	-0.82423	3.2021
293.99	-0.82392	3.2028
294.99	-0.8226	3.202
296	-0.82417	3.1908
297	-0.82343	3.1946
298	-0.82062	3.1984
299	-0.82243	3.1934
300	-0.82453	3.1964
301	-0.82142	3.1958
302	-0.82097	3.1967
303	-0.82243	3.1962
304	-0.82467	3.1985
305	-0.82404	3.1976
306.01	-0.8219	3.1989
307.01	-0.82465	3.1993
308.01	-1.3556	3.4287
309.01	-1.5747	3.4086
310.01	-1.737	3.4265
311.01	-2.2178	3.1768
312.01	-2.1671	2.8611
313.01	-2.5071	2.3742
314.01	-2.1164	2.6195
315.01	-2.2664	2.7045
315.98	-1.4507	2.2971
316.98	0.29302	1.2348
317.98	1.8793	-0.52439
318.99	3.2573	-2.2351
319.99	3.2178	-2.2099
320.99	3.2269	-2.194
321.99	3.3439	-2.143
322.99	3.5703	-1.8424
323.99	3.8308	-1.1773
324.99	3.8475	-1.1061
325.99	3.4584	0.071991
326.99	3.3493	0.96343
327.99	3.4969	0.70845
329	4.0317	0.33763
330	4.0646	0.14431
331	4.0379	-0.37713
332	3.8679	-1.2095
333	3.5268	-2.0061
334	2.9431	-2.7771
335	2.9427	-2.8017
336	2.9383	-2.7955
337	2.9333	-2.7966
338	2.9353	-2.7805
339	2.9334	-2.777
340.01	2.9299	-2.8008
341.01	2.9239	-2.8187
342.01	2.9262	-2.8159
343.01	2.9249	-2.8155
344.01	2.925	-2.8144
345.01	2.9221	-2.8149
346.01	2.9244	-2.8159
347.01	2.9235	-2.8158
348.01	2.9253	-2.8089
349.01	2.9266	-2.8097
349.98	2.9239	-2.807
350.98	2.9246	-2.8074
351.99	2.9193	-2.8106
352.99	2.9252	-2.8088
353.99	2.9221	-2.8138
354.99	2.9245	-2.8097
355.99	2.924	-2.8091
356.99	2.9248	-2.8083
357.99	2.9196	-2.8104
358.99	2.924	-2.8062
359.99	2.9206	-2.8058
360.99	2.9231	-2.803
362	2.919	-2.8089
363	2.9182	-2.8096
364	2.9231	-2.8077
365	2.924	-2.8091
366	2.9241	-2.8077
367	2.9259	-2.8074
368	2.9305	-2.7989
369	2.9285	-2.7978
370	2.9312	-2.7973
371	2.9296	-2.7932
372	2.9325	-2.7919
373.01	2.9274	-2.7927
374.01	2.9313	-2.7919
375.01	2.9317	-2.7904
376.01	2.9326	-2.7927
377.01	2.9268	-2.7922
378.01	2.9303	-2.7892
379.01	2.9313	-2.7888
380.01	2.9309	-2.7892
381.01	2.9296	-2.7883
382.01	2.9211	-2.7813
382.98	2.9226	-2.785
383.98	2.9226	-2.7768
384.98	2.9234	-2.7824
385.99	2.9285	-2.7727
386.99	2.9319	-2.7637
387.99	2.9271	-2.7622
388.99	2.9266	-2.7698
389.99	2.7964	-2.7335
390.99	2.7975	-2.7365
391.99	2.7947	-2.7345
392.99	2.7831	-2.7235
393.99	2.7677	-2.7171
394.99	2.7701	-2.7122
396	2.775	-2.7252
397	2.7789	-2.7264
398	2.7735	-2.7275
399	2.7713	-2.7401
400	2.7727	-2.7356
401	2.7753	-2.746
402	2.7773	-2.7478
403	2.7804	-2.7397
404	2.7766	-2.7374
405	2.7774	-2.7469
406.01	2.7748	-2.7415
407.01	2.7766	-2.7351
408.01	2.7801	-2.7303
409.01	2.7804	-2.7388
410.01	2.7728	-2.7421
411.01	2.7868	-2.7438
412.01	2.7813	-2.7469
413.01	2.7864	-2.7467
414.01	2.7848	-2.7463
415.01	2.7755	-2.7458
415.98	2.7752	-2.7469
416.98	2.7847	-2.7393
417.98	2.7737	-2.7407
418.99	2.7891	-2.7542
419.99	2.7872	-2.7503
420.99	2.7904	-2.754
421.99	2.7811	-2.7506
422.99	2.7879	-2.7482
423.99	2.7897	-2.7377
424.99	2.8007	-2.751
425.99	2.8003	-2.7308
426.99	2.7902	-2.7397
427.99	2.7803	-2.7427
429	2.7785	-2.7482
430	2.78	-2.7473
431	2.7898	-2.7496
432	2.7904	-2.7479
433	2.7956	-2.7512
434	2.7908	-2.7508
435	2.7992	-2.7638
436	2.8058	-2.7559
437	2.8023	-2.7492
438	2.8105	-2.7585
439	2.8121	-2.7592
440.01	2.8323	-2.7615
441.01	2.8384	-2.795
442.01	2.8365	-2.7976
443.01	2.8364	-2.7983
444.01	2.8363	-2.7987
445.01	2.8363	-2.7902
446.01	2.8371	-2.7984
447.01	2.8374	-2.799
448.01	2.8366	-2.7991
449.01	2.8373	-2.7999
449.98	2.8398	-2.7933
450.98	2.8382	-2.7928
451.99	2.8371	-2.7975
452.99	2.8381	-2.8006
453.99	2.8378	-2.7992
454.99	2.8367	-2.7934
455.99	2.8385	-2.7979
456.99	2.8396	-2.7989
457.99	2.8392	-2.8006
458.99	2.8346	-2.8006
459.99	2.8362	-2.7906
460.99	2.8326	-2.785
462	2.8196	-2.7807
463	2.8172	-2.8
464	2.8175	-2.7855
465	2.8175	-2.7866
466	2.8213	-2.7945
467	2.8164	-2.7949
468	2.8173	-2.7853
469	2.8193	-2.7862
470	2.8181	-2.7929
471	2.8194	-2.7872
472	2.8162	-2.7847
473.01	2.818	-2.7839
474.01	2.8181	-2.7846
475.01	2.8185	-2.784
476.01	2.8195	-2.7864
477.01	2.8164	-2.7851
478.01	2.8175	-2.7855
479.01	2.8175	-2.7855
480.01	2.8206	-2.7869
481.01	2.8169	-2.7868
482.01	2.8162	-2.7897
482.98	2.8172	-2.786
483.98	2.8172	-2.7885
484.98	2.8161	-2.788
485.99	2.8198	-2.7859
486.99	2.8177	-2.7845
487.99	2.8165	-2.7853
488.99	2.815	-2.7871
489.99	2.8163	-2.7861
490.99	2.8173	-2.7925
491.99	2.8178	-2.7992
492.99	2.8215	-2.7937
493.99	2.817	-2.7847
494.99	2.8174	-2.7846
496	2.8162	-2.7849
497	2.816	-2.7876
498	2.8168	-2.7848
499	2.8202	-2.7868
500	2.8175	-2.7855
501	2.8167	-2.7867
502	2.8186	-2.7931
503	2.8168	-2.788
504	2.8166	-2.7872
505	2.8177	-2.7934
506.01	2.8182	-2.7967
507.01	2.817	-2.795
508.01	2.8176	-2.7867
509.01	2.8186	-2.7921
510.01	2.8162	-2.7849
511.01	2.8162	-2.7866
512.01	2.8173	-2.79
513.01	2.8159	-2.7868
514.01	2.8168	-2.7844
515.01	2.8171	-2.788
515.98	2.82	-2.7858
516.98	2.8178	-2.7836
517.98	2.8165	-2.7853
518.99	2.8146	-2.783
519.99	2.8173	-2.7859
520.99	2.8168	-2.788
521.99	2.8206	-2.7869
522.99	2.8134	-2.791
523.99	2.817	-2.7861
524.99	2.8172	-2.785
525.99	2.8157	-2.7892
526.99	2.8169	-2.7889
527.99	2.8163	-2.7872
529	2.8154	-2.7949
530	2.8156	-2.7886
531	2.8173	-2.7864
532	2.8178	-2.7847
533	2.8168	-2.7875
534	2.8209	-2.7993
535	2.8165	-2.7853
536	2.8166	-2.7884
537	2.8177	-2.793
538	2.8171	-2.7867
539	2.8162	-2.7873
540.01	2.8176	-2.7869
541.01	2.815	-2.7884
542.01	2.8164	-2.795
543.01	2.816	-2.7875
544.01	2.8155	-2.7874
545.01	2.8176	-2.7988
546.01	2.819	-2.7992
547.01	2.815	-2.7881
548.01	2.817	-2.7871
549.01	2.8171	-2.7925
549.98	2.8162	-2.7854
550.98	2.8164	-2.7833
551.99	2.8163	-2.7895
552.99	2.817	-2.7847
553.99	2.8175	-2.7855
554.99	2.8136	-2.7836
555.99	2.8169	-2.784
556.99	2.8174	-2.7842
557.99	2.818	-2.7862
558.99	2.8166	-2.786
559.99	2.8155	-2.7861
560.99	2.8163	-2.7874
562	2.8165	-2.7864
563	2.8173	-2.7841
564	2.8199	-2.7858
565	2.8161	-2.7861
566	2.817	-2.7861
567	2.8163	-2.7861
568	2.8202	-2.7857
569	2.8163	-2.785
570	2.8165	-2.7866
571	2.817	-2.7848
572	2.8195	-2.7869
573.01	2.8167	-2.7843
574.01	2.8185	-2.7814
575.01	2.817	-2.7848
576.01	2.8158	-2.7864
577.01	2.8172	-2.7838
578.01	2.8164	-2.7846
579.01	2.8162	-2.7849
580.01	2.817	-2.7848
581.01	2.8173	-2.7859
582.01	2.8141	-2.7923
582.98	2.8168	-2.7851
583.98	2.8177	-2.7834
584.98	2.8174	-2.7848
585.99	2.8216	-2.7847
586.99	2.817	-2.7848
587.99	2.8135	-2.7862
588.99	2.8151	-2.785
589.99	2.8172	-2.7921
590.99	2.8175	-2.7857
591.99	2.8175	-2.7838
592.99	2.8163	-2.7861
593.99	2.8172	-2.7917
594.99	2.8196	-2.7943
596	2.8205	-2.7849
597	2.8155	-2.785
598	2.8161	-2.7865
599	2.8174	-2.7842
