0	-0.33102	-1.3123
1.001	1.5224	-0.33684
2.002	3.8013	0.18566
3.003	3.853	0.2583
4.004	3.2216	-0.11262
5.005	3.2955	-0.4701
6.006	4.0407	-0.43293
7.007	4.1278	-0.25194
8.008	4.0926	0.65167
9.009	3.3557	2.4682
10.01	1.7537	3.8634
11.011	0.15358	4.3153
12.012	-1.7255	4.0456
13.013	-3.0317	3.308
14.014	-3.9584	2.2293
15.015	-3.8166	2.491
16.016	-3.4862	2.9179
16.983	-2.8812	3.4623
17.984	-1.6364	4.1011
18.985	-0.18799	4.3118
19.986	1.1779	4.0957
20.987	2.5585	3.306
21.988	3.6076	1.9377
22.989	3.6463	-0.18937
23.99	3.9919	-1.0455
24.991	3.9667	-0.28866
25.992	3.3785	1.6869
26.993	2.4131	2.9129
27.994	1.5098	3.8725
28.995	0.92768	4.1886
29.996	0.81518	4.1211
30.997	2.4526	2.7501
31.998	3.5786	1.9394
32.999	2.9622	0.089567
34	3.3351	-1.2137
35.001	3.432	-1.1913
36.002	3.4356	-1.1919
37.003	3.2923	-1.8973
38.004	0.94374	-3.3016
39.005	-1.7885	-3.9464
40.006	-4.0068	-1.9464
41.007	-4.1559	-1.2333
42.008	-3.8165	1.0735
43.009	-2.931	3.2953
44.01	-1.6515	3.9443
45.011	-0.17018	4.0145
46.012	0.94382	3.9624
47.013	1.9186	3.6798
48.014	1.9687	3.7642
49.015	1.8673	3.8314
50.016	0.37628	4.2973
50.984	-1.0732	4.2355
51.985	-2.3064	3.7901
52.986	-3.0919	3.2832
53.987	-4.1194	1.97
54.988	-4.5974	0.3554
55.989	-4.3402	0.38703
56.99	-2.9612	0.28513
57.991	-0.99987	0.25595
58.992	1.0501	0.22749
59.993	2.6458	1.4503
60.994	3.7874	1.1361
61.995	2.6087	1.9243
62.996	1.5307	3.4077
63.997	1.1434	3.9498
64.998	0.91471	4.104
65.999	1.505	3.9205
67	2.4891	3.2892
68.001	3.4497	2.2077
69.002	3.8839	1.452
70.003	4.1423	-0.15369
71.004	3.6256	-0.6659
72.005	1.8296	0.32879
73.006	1.136	1.5332
74.007	0.44718	3.3755
75.008	-1.2405	3.8618
76.009	-2.5822	3.5546
77.01	-2.2872	3.8145
78.011	-1.9879	3.9449
79.012	-0.98564	4.2441
80.013	0.15458	4.3111
81.014	1.3012	4.0542
82.015	2.3422	3.5106
83.016	3.3613	2.4214
83.983	3.9497	1.2393
84.984	4.1445	-0.20474
85.985	3.7203	-1.9461
86.986	3.2185	-2.0919
87.987	3.2159	-2.0792
88.988	3.2256	-2.1108
89.989	3.2295	-2.1259
90.99	3.1684	-2.0586
91.991	3.2031	-2.0426
92.992	3.2044	-2.006
93.993	3.206	-2.021
94.994	2.5225	-1.8572
95.995	2.1243	-3.5522
96.996	0.075377	-4.3136
97.997	-0.75592	-4.2432
98.998	-1.843	-2.9684
100	-2.0068	-1.0537
101	-4.1495	0.25223
102	-4.0079	1.8975
103	-3.8612	2.3992
104	-3.4998	2.7564
105.01	-2.2807	3.7663
106.01	-0.76833	4.2155
107.01	0.61672	3.9646
108.01	2.2606	3.0426
109.01	2.3813	2.9921
110.01	2.7958	2.9958
111.01	2.304	2.5734
112.01	2.1	2.4573
113.01	3.1255	2.6157
114.01	3.9248	1.2807
114.98	3.7552	1.7625
115.98	2.808	3.105
116.98	1.3199	4.0695
117.98	-0.31314	4.319
118.99	-1.7976	4.0242
119.99	-3.2881	3.0844
120.99	-4.1933	1.7999
121.99	-4.5617	0.77829
122.99	-4.6138	-0.14476
123.99	-4.0272	-2.2794
124.99	-3.0144	-3.4675
125.99	-2.4511	-3.8612
126.99	-2.4657	-3.7461
127.99	-0.85727	-3.4416
129	1.0953	-4.2237
130	2.302	-3.6377
131	3.7489	-1.8791
132	4.14	0.078843
133	3.6432	1.9886
134	2.0659	3.6905
135	0.79358	4.2162
136	-0.72454	4.2913
137	-2.2538	3.8174
138	-3.3152	3.0396
139.01	-3.6154	2.7218
140.01	-4.4528	1.1892
141.01	-4.5931	0.16159
142.01	-4.5566	-0.84306
143.01	-3.8204	-2.6008
144.01	-2.7965	-3.6356
145.01	-1.6675	-4.2191
146.01	-1.2694	-4.324
147.01	0.31435	-4.4119
148.01	1.9845	-3.8394
149.01	3.4588	-2.4214
149.98	4.1134	-0.56396
150.98	3.7825	1.7131
151.99	2.5219	3.3327
152.99	1.0383	4.1609
153.99	-0.53244	4.3158
154.99	-1.7653	4.0697
155.99	-2.9825	3.3323
156.99	-4.0112	2.1829
157.99	-4.557	0.72084
158.99	-4.6053	0.12351
159.99	-4.3944	0.12937
160.99	-3.581	-0.79466
162	-4.1147	-1.8964
163	-2.9958	-3.3979
164	-1.8909	-4.07
165	-1.5141	-4.2056
166	-0.23554	-4.4106
167	1.3302	-4.1483
168	2.5981	-3.362
169	3.5246	-2.3087
170	4.0752	-0.81622
171	3.9333	1.3311
172.01	2.9921	2.9154
173.01	1.578	3.9152
174.01	1.1246	3.9718
175.01	1.2349	4.0838
176.01	-0.12237	4.3165
177.01	-1.313	4.184
178.01	-3.0272	3.331
179.01	-3.9296	2.3119
180.01	-4.4922	0.96376
181.01	-4.6029	-0.58769
182.01	-4.0471	-2.2582
182.98	-2.9794	-3.4912
183.98	-1.9018	-4.1125
184.98	-0.61916	-4.4204
185.99	0.69106	-4.3402
186.99	2.2082	-3.7047
187.99	3.6091	-2.1567
188.99	4.1432	-0.050521
189.99	3.6948	1.8599
190.99	2.189	3.6023
191.99	0.90824	4.1929
192.99	-0.65692	4.3226
193.99	-1.8687	3.9982
194.99	-2.9244	3.3867
196	-4.0974	2.0165
197	-4.5255	0.79735
198	-4.5537	-0.28625
199	-4.4225	-1.3985
200	-3.5033	-3.0051
201	-2.2195	-3.9702
202	-2.2898	-3.912
203	-2.2158	-3.8444
204	-0.38894	-4.3951
205.01	0.80344	-4.3184
206.01	1.5573	-4.0771
207.01	2.3897	-3.5505
208.01	2.9873	-3.0586
209.01	3.7877	-1.8178
210.01	4.1251	-0.36764
211.01	3.8148	1.5917
212.01	2.8924	3.0258
213.01	1.9152	3.7659
214.01	0.23596	4.2969
215.01	-1.2014	4.2154
215.98	-2.0086	3.933
216.98	-3.3007	3.0733
217.98	-4.0618	2.0808
218.99	-4.5757	0.58558
219.99	-4.5547	-0.91926
220.99	-4.0702	-2.2157
221.99	-2.9411	-3.5188
222.99	-1.611	-4.225
223.99	0.16015	-4.4251
224.99	1.3924	-4.1315
225.99	2.9462	-3.0914
226.99	3.8115	-1.7424
227.99	4.1406	-0.010687
229	3.5777	2.1105
230	2.3536	3.4734
231	0.43854	4.2832
232	-1.0436	4.2601
233	-2.5746	3.6464
234	-3.2242	3.1316
235	-4.1425	1.9365
236	-4.5693	0.64683
237	-4.5056	-1.0892
238	-3.9771	-2.3713
239.01	-2.9761	-3.4975
240.01	-2.1038	-4.0275
241.01	-0.52592	-4.4255
242.01	0.46248	-4.383
243.01	1.2016	-4.2071
244.01	2.735	-3.2865
245.01	3.3448	-2.5956
246.01	4.0297	-1.0588
247.01	4.1114	0.33691
248.01	3.8301	1.5966
249.01	3.0111	2.9009
249.98	1.5501	3.9712
250.98	0.81462	4.2069
251.99	0.82622	4.2107
252.99	0.82341	4.2103
253.99	0.83278	4.1994
254.99	0.83683	4.2046
255.99	0.83758	4.1962
256.99	0.83836	4.2031
257.99	0.83414	4.1978
258.99	0.83115	4.1891
259.99	0.83212	4.1971
260.99	0.84176	4.1902
262	0.83793	4.1935
263	0.66729	4.2471
264	0.66741	4.2525
265	0.66424	4.2283
266	0.66433	4.2306
267	0.67141	4.2277
268	0.66903	4.2283
269	0.66451	4.2359
270	0.66572	4.2286
271	0.66794	4.2265
272.01	0.67486	4.2279
273.01	0.67086	4.2303
274.01	0.67115	4.2245
275.01	-0.12976	4.3182
276.01	-0.97134	4.2536
277.01	-2.1603	3.8712
278.01	-3.2841	3.0821
279.01	-3.8312	2.4587
280.01	-4.3231	1.5363
281.01	-4.6234	0.018154
282.01	-4.3781	-1.5385
282.98	-3.9319	-2.4382
283.98	-3.1239	-3.3605
284.98	-1.653	-4.214
285.99	0.20117	-4.4245
286.99	2.0281	-3.8214
287.99	3.2056	-2.7816
288.99	4.0017	-1.1613
289.99	4.1241	0.33233
290.99	3.4073	2.3859
291.99	2.2572	3.5614
292.99	0.67661	4.2469
293.99	-0.69465	4.3025
294.99	-2.391	3.7512
296	-3.4961	2.8696
297	-3.869	2.3619
298	-4.3623	1.4425
299	-4.4574	1.1316
300	-4.6283	0.075203
301	-4.4443	-1.3227
302	-3.8174	-2.5967
303	-3.0473	-3.4485
304	-1.8066	-4.1496
305.01	-0.47136	-4.4319
306.01	0.92261	-4.2905
307.01	2.495	-3.4936
308.01	3.6241	-2.124
309.01	4.1432	-0.054069
310.01	3.9326	1.268
311.01	2.7907	3.1079
312.01	0.79279	4.204
313.01	-0.54843	4.3077
314.01	-0.92855	4.2809
315.01	-2.8215	3.4713
315.98	-3.9996	2.1987
316.98	-4.4949	0.9213
317.98	-4.5289	-1.0112
318.99	-4.0832	-2.19
319.99	-2.9906	-3.4787
320.99	-2.014	-4.0703
321.99	-0.25093	-4.435
322.99	0.96789	-4.285
323.99	2.5788	-3.4084
324.99	3.5808	-2.1769
325.99	4.1069	-0.50228
326.99	3.8705	1.3622
327.99	3.4509	2.273
329	3.4017	2.4336
330	3.4232	2.3867
331	3.4073	2.3991
332	3.4122	2.4313
333	3.3917	2.4206
334	3.3141	2.4975
335	3.3214	2.4516
336	3.2565	2.3725
337	3.067	2.2762
338	3.093	2.1156
339.01	2.6726	2.594
340.01	3.353	2.439
341.01	3.9445	1.2706
342.01	3.7284	0.59727
343.01	3.0254	0.89127
344.01	3.3572	1.1242
345.01	3.3437	1.2061
346.01	3.6531	1.7664
347.01	4.0409	0.83159
348.01	3.5889	-0.051111
349.01	3.3974	-0.63906
349.98	4.0457	-0.19482
350.98	3.7169	-0.66965
351.99	3.5749	-0.49105
352.99	3.013	-0.77825
353.99	3.9959	-1.1311
354.99	4.1156	-0.65287
355.99	3.9651	1.1977
356.99	3.1429	2.7109
357.99	1.7423	3.8767
358.99	0.59999	4.2541
359.99	-1.1536	4.2056
360.99	-1.8118	4.0215
362	-3.3174	3.0599
363	-4.1931	1.818
364	-4.5873	0.53814
365	-4.5293	-0.99126
366	-3.8658	-2.537
367	-2.9158	-3.5317
368	-2.336	-3.9144
369	-1.1446	-4.3575
370	0.49574	-4.3774
371	1.3671	-4.1306
372.01	1.5912	-4.0175
373.01	1.5954	-4.0286
374.01	1.0997	-3.3333
375.01	1.0296	-1.0648
376.01	0.39946	-0.90213
377.01	0.18809	-0.33796
378.01	-1.0413	0.17471
379.01	-2.7281	0.16259
380.01	-4.195	0.33915
381.01	-4.4899	0.75837
382.01	-4.1254	1.8475
382.98	-3.7736	2.534
383.98	-3.5043	2.8775
384.98	-2.4645	3.7183
385.99	-1.2267	4.2012
386.99	0.084853	4.3102
387.99	1.2197	4.0862
388.99	2.3422	3.5051
389.99	3.0695	2.8337
390.99	3.3562	2.4443
391.99	2.1627	2.9189
392.99	1.1879	2.9498
393.99	0.11283	3.0949
394.99	-0.28321	3.8222
396	-1.0341	4.1497
397	-2.1348	3.7586
398	-1.8646	3.3688
399	-1.0428	4.1777
400	0.0051093	4.2758
401	0.40172	3.8085
402	-0.32828	3.2946
403	-1.4389	3.7328
404	-2.2874	3.7922
405.01	-3.0957	3.2656
406.01	-3.5722	2.7951
407.01	-4.2841	1.6662
408.01	-4.6049	0.39959
409.01	-4.5979	0.075911
410.01	-4.5284	-0.81498
411.01	-4.4506	-1.3298
412.01	-4.1346	-2.1086
413.01	-3.6637	-2.477
414.01	-2.3933	-1.6243
415.01	-1.0827	-0.55099
415.98	0.67572	0.5138
416.98	2.4569	1.9074
417.98	3.6895	1.7137
418.99	3.4369	2.2869
419.99	3.5856	2.1374
420.99	4.113	0.54527
421.99	4.1147	-0.35501
422.99	4.0232	-1.0773
423.99	3.5145	-2.3236
424.99	2.7088	-3.3181
425.99	1.8257	-3.9318
426.99	1.0031	-4.2846
427.99	-0.19941	-4.4378
429	-1.4659	-4.2857
430	-2.9651	-3.4934
431	-4.3046	-1.685
432	-4.6149	-0.17699
433	-4.4436	1.2329
434	-3.6109	2.7304
435	-2.7853	3.4988
436	-1.5554	4.1226
437	-0.25507	4.3303
438	0.94772	4.1645
439.01	1.966	3.752
440.01	2.9345	2.9849
441.01	3.7341	1.805
442.01	4.1263	0.40408
443.01	4.0034	-0.99052
444.01	3.3215	-2.6202
445.01	1.9757	-3.8405
446.01	0.74764	-4.3378
447.01	-0.75246	-4.4192
448.01	-1.5261	-4.2517
449.01	-2.6395	-3.7403
449.98	-3.5265	-2.9698
450.98	-4.4547	-1.2581
451.99	-4.5199	0.77641
452.99	-4.031	2.1117
453.99	-2.962	3.3773
454.99	-1.3598	4.1794
455.99	-0.24357	4.321
456.99	0.97815	4.1628
457.99	1.5241	3.8489
458.99	1.5922	2.4644
459.99	1.1343	1.6853
460.99	1.0116	0.31746
462	-0.053802	1.5997
463	-2.3063	3.299
464	-3.2733	3.0356
465	-3.7094	2.5937
466	-3.974	2.2609
467	-4.2302	1.7465
468	-4.4908	0.99491
469	-4.6027	0.56147
470	-4.625	-0.3327
471	-3.828	-0.21965
472.01	-2.1914	-0.025874
473.01	-0.14302	0.34339
474.01	1.8236	0.90411
475.01	3.1153	2.1803
476.01	3.6599	1.3118
477.01	3.659	0.59488
478.01	2.1008	0.72078
479.01	0.58582	0.22341
480.01	-1.342	-0.21614
481.01	-3.4205	0.11792
482.01	-4.4751	0.67648
482.98	-4.3024	1.3102
483.98	-3.3513	2.4787
484.98	-2.6775	3.1726
485.99	-1.4541	3.8163
486.99	-0.36366	4.2403
487.99	-0.10862	4.2697
488.99	-0.40367	4.2581
489.99	-0.84203	4.2984
490.99	-0.40175	4.3162
491.99	1.0067	4.1644
492.99	2.7333	3.1614
493.99	3.0708	2.7114
494.99	3.1952	2.6612
496	3.6755	1.8041
497	2.9785	0.71209
498	3.14	0.14284
499	3.3486	0.041209
500	3.4358	0.070419
501	3.8824	-1.3944
502	3.6636	-2.0589
503	3.2458	-2.7039
504	3.5917	-2.2025
505.01	3.7859	-1.8282
506.01	3.5858	-1.4722
507.01	3.5023	-2.2807
508.01	2.8498	-3.176
509.01	2.9833	-3.0464
510.01	3.4381	-2.4726
511.01	3.8329	-1.7197
512.01	4.1167	-0.62006
513.01	3.9463	0.54
514.01	3.409	2.1705
515.01	2.6816	3.2137
515.98	1.5834	3.1784
516.98	1.0282	2.8861
517.98	-0.18052	3.2397
518.99	-1.0229	4.1472
519.99	-2.0329	3.6368
520.99	-3.1367	3.1138
521.99	-3.9753	2.098
522.99	-4.4691	0.95501
523.99	-4.2407	-0.3072
524.99	-3.9745	-2.2295
525.99	-2.8637	-3.4139
526.99	-1.7142	-4.0453
527.99	0.14862	-3.8734
529	1.4663	-3.8434
530	2.8551	-3.1148
531	3.5118	-2.2778
532	3.8571	-1.5407
533	4.0215	-1.0972
534	4.1253	0.18591
535	3.7962	1.6787
536	2.9257	2.9901
537	1.5071	3.9561
538	-0.23042	4.3176
539.01	-1.0835	4.2292
540.01	-1.565	4.1476
541.01	-2.3024	3.7932
542.01	-3.5811	2.7696
543.01	-4.3176	1.519
544.01	-4.5732	0.61425
545.01	-4.6197	-0.44304
546.01	-4.4996	-1.1297
547.01	-4.054	-2.234
548.01	-2.9003	-3.5519
549.01	-2.0612	-4.0589
549.98	-0.66829	-4.4183
550.98	0.39692	-4.3996
551.99	1.5086	-4.0762
552.99	2.3565	-3.5977
553.99	2.911	-3.1255
554.99	3.4631	-2.4098
555.99	3.9823	-1.294
556.99	4.1429	0.25302
557.99	3.5247	2.1726
558.99	2.6632	3.2488
559.99	0.72732	4.2154
560.99	-0.7502	4.3031
562	-1.6944	4.0665
563	-3.051	3.2956
564	-4.0197	2.1543
565	-4.5658	0.68936
566	-4.617	-0.32376
567	-4.4753	-1.2345
568	-4.1265	-2.1046
569	-3.4612	-3.0512
570	-2.8264	-3.6108
571	-2.2406	-3.9517
572.01	-2.0227	-4.0599
573.01	-2.0631	-4.0081
574.01	-2.0849	-3.9149
575.01	-0.28974	-3.0934
576.01	1.9678	-3.7611
577.01	2.5114	-3.3951
578.01	2.2685	-3.6506
579.01	2.2088	-3.7013
580.01	2.2166	-3.6991
581.01	2.2154	-3.697
582.01	2.2174	-3.7001
582.98	2.2187	-3.6922
583.98	1.9447	-3.8721
584.98	0.69182	-4.3322
585.99	-0.098469	-4.4015
586.99	-0.94667	-4.0574
587.99	-0.93712	-4.0439
588.99	-0.93597	-4.0502
589.99	-0.8912	-4.1283
590.99	-0.90081	-4.0884
591.99	-0.90391	-4.0849
592.99	-0.98724	-4.0636
593.99	-3.1083	-3.2338
594.99	-4.2045	-1.7585
596	-4.167	0.098171
597	-4.1924	1.5494
598	-3.3978	2.9323
599	-2.9287	3.358
