0	-1.2563	4.1716
1.001	-2.4188	3.2816
2.002	-4.0692	0.89264
3.003	-4.5051	-0.96566
4.004	-3.5197	-2.3261
5.005	-1.4107	-3.0784
6.006	0.4888	-2.5083
7.007	2.1185	-1.4206
8.008	3.897	-1.207
9.009	4.0077	-1.04
10.01	3.1432	-2.8505
11.011	1.1186	-4.2253
12.012	-0.83435	-4.4055
13.013	-2.764	-3.6561
14.014	-4.1274	-2.1049
15.015	-4.6166	-0.11402
16.016	-4.4405	1.1781
16.983	-3.6193	2.7142
17.984	-1.1053	4.2292
18.985	1.1412	4.1172
19.986	3.1409	2.7272
20.987	4.0814	0.65512
21.988	4.0697	-0.90239
22.989	2.9929	-3.031
23.99	0.60554	-4.3628
24.991	-1.7291	-4.1847
25.992	-3.5742	-2.9138
26.993	-4.589	-0.56204
27.994	-4.3528	1.1952
28.995	-3.3603	2.6521
29.996	-3.2958	2.6498
30.997	-2.7209	2.6718
31.998	-2.839	3.348
32.999	-2.3183	3.448
34	-2.7247	3.533
35.001	-2.4363	1.7226
36.002	0.39491	2.0814
37.003	2.6349	3.1414
38.004	3.6606	1.9776
39.005	4.1251	-0.34471
40.006	3.4186	-2.4906
41.007	1.4137	-4.1192
42.008	-1.6626	-4.207
43.009	-3.7908	-2.6454
44.01	-4.4809	-1.1505
45.011	-4.6087	0.2546
46.012	-3.626	2.6924
47.013	-1.7748	4.0338
48.014	0.40333	4.2683
49.015	2.2587	3.5579
50.016	3.7234	1.8168
50.984	4.1252	-0.26031
51.985	3.3541	-2.5667
52.986	0.91251	-4.3001
53.987	-1.0291	-4.3785
54.988	-1.4719	-4.2438
55.989	-2.6371	-3.7424
56.99	-4.1109	-2.1531
57.991	-4.6126	-0.25655
58.992	-4.1722	1.8712
59.993	-2.906	3.3912
60.994	-0.91913	4.2679
61.995	0.92749	4.1798
62.996	2.3675	3.4983
63.997	3.1375	2.7167
64.998	3.9775	1.1709
65.999	4.1527	-0.08937
67	3.8807	-1.5763
68.001	2.5261	-3.4658
69.002	0.51657	-4.3798
70.003	-1.696	-4.2006
71.004	-3.7079	-2.748
72.005	-4.4933	-1.1304
73.006	-4.6009	0.36844
74.007	-3.9321	2.2823
75.008	-2.6368	3.6062
76.009	-1.1437	4.2295
77.01	1.3125	4.0503
78.011	2.8969	3.0408
79.012	3.6057	2.0612
80.013	4.1373	0.13373
81.014	4.1358	-0.010876
82.015	4.1345	-0.011226
83.016	4.1372	-0.0081326
83.983	4.1384	-0.011086
84.984	4.1342	-0.0058076
85.985	4.1264	-0.019692
86.986	3.9808	-1.2426
87.987	3.1163	-2.884
88.988	1.1981	-4.2025
89.989	-1.4686	-4.2749
90.99	-3.196	-3.3038
91.991	-4.5568	-0.84563
92.992	-3.8485	0.48334
93.993	-3.9379	2.0564
94.994	-4.1539	1.9056
95.995	-4.1261	1.863
96.996	-3.0375	1.1505
97.997	-2.4805	0.87733
98.998	-2.4685	0.8693
100	-2.235	1.2142
101	-2.084	1.451
102	-2.0872	2.1044
103	-2.5124	1.8606
104	-2.3262	1.3026
105.01	-3.2007	0.50318
106.01	-4.3279	-0.8736
107.01	-4.4791	-1.1761
108.01	-4.3587	-1.5973
109.01	-3.7103	-2.754
110.01	-2.748	-3.6725
111.01	-1.4075	-4.2988
112.01	0.50725	-4.373
113.01	2.9932	-3.0245
114.01	3.9098	-1.4864
114.98	4.0535	0.79109
115.98	3.0558	2.8368
116.98	1.0934	4.1233
117.98	-0.32592	4.3253
118.99	-2.4892	3.2444
119.99	-3.3299	0.33268
120.99	-2.9564	-0.69211
121.99	-4.0505	-2.0901
122.99	-3.4695	-3.0485
123.99	-2.2143	-3.9729
124.99	-0.4879	-4.4297
125.99	1.2405	-4.1963
126.99	2.6358	-3.3725
127.99	4.0064	-1.1698
129	4.0257	0.94685
130	3.4384	2.0973
131	0.73448	4.0872
132	-1.5405	3.7591
133	-2.8261	3.4725
134	-3.4131	2.962
135	-4.4414	1.1723
136	-4.5878	-0.50836
137	-3.2642	-2.2529
138	-1.5138	-4.2145
139.01	-0.17704	-4.43
140.01	2.219	-3.6916
141.01	3.8034	-1.7394
142.01	4.0028	1.0551
143.01	2.6219	3.2754
144.01	0.82108	4.2055
145.01	-1.2399	4.2051
146.01	-2.8482	3.1799
147.01	-3.7175	0.22325
148.01	-3.6516	-2.7215
149.01	-2.5808	-3.776
149.98	-0.18022	-4.4348
150.98	2.0782	-3.7876
151.99	3.3506	-2.5698
152.99	4.0722	-0.78583
153.99	3.61	0.31985
154.99	1.8793	3.0841
155.99	0.8412	4.1592
156.99	-1.091	3.4575
157.99	-3.2766	3.0898
158.99	-4.3715	1.3905
159.99	-4.6147	0.17011
160.99	-4.6222	-0.22417
162	-3.6052	-2.8832
163	-1.9212	-4.1152
164	0.21094	-4.412
165	1.5853	-3.9726
166	2.553	-3.0092
167	3.7449	-1.8415
168	3.9902	-1.2134
169	4.115	0.42657
170	3.5653	2.1218
171	2.1251	3.6301
172.01	-0.19332	4.321
173.01	-2.3549	3.7713
174.01	-3.9829	2.1661
175.01	-4.5039	0.12815
176.01	-4.5294	-0.96083
177.01	-3.832	-2.5909
178.01	-1.9338	-4.1098
179.01	0.45128	-4.3895
180.01	2.1242	-3.7596
181.01	3.2962	-2.5797
182.01	3.8703	-1.5685
182.98	4.1038	0.26465
183.98	3.7233	1.7881
184.98	2.7591	3.1116
185.99	1.5594	3.865
186.99	-0.92479	4.2131
187.99	-2.5785	3.0559
188.99	-3.8523	1.6154
189.99	-4.4499	-0.73018
190.99	-4.3135	-1.7281
191.99	-3.2552	-3.2462
192.99	-1.0201	-4.3764
193.99	0.60194	-4.3305
194.99	1.8873	-3.8776
196	2.9996	-3.0012
197	3.7163	-1.9189
198	4.1442	-0.056749
199	4.0941	0.48187
200	3.0611	2.8427
201	0.9052	4.1838
202	-1.5475	4.1326
203	-2.9939	2.8554
204	-2.6484	0.037262
205.01	-1.4839	-2.1182
206.01	0.47202	-4.1481
207.01	0.61888	-4.2035
208.01	1.2599	-4.1876
209.01	2.32	-3.6236
210.01	3.5834	-2.2127
211.01	4.0609	-0.87114
212.01	4.0278	0.95363
213.01	3.2505	2.5803
214.01	1.7228	3.8667
215.01	-0.1947	4.3086
215.98	-1.5774	3.4926
216.98	-2.5427	1.5107
217.98	-4.605	-0.60452
218.99	-4.5878	-0.58942
219.99	-4.6162	-0.0077381
220.99	-4.1007	0.75836
221.99	-1.5465	0.4875
222.99	-0.45805	-0.29169
223.99	0.95826	-1.2255
224.99	1.1109	-1.103
225.99	2.2954	0.23194
226.99	3.629	0.89106
227.99	4.0566	0.70851
229	4.1456	-0.052503
230	3.9225	-1.4619
231	3.03	-2.9757
232	1.818	-3.9209
233	0.53171	-3.3716
234	-0.51752	-2.3219
235	-2.1908	-1.3974
236	-4.4482	-0.24924
237	-4.5308	0.67305
238	-4.3875	1.3458
239.01	-4.3136	1.5353
240.01	-4.3118	1.5338
241.01	-3.9153	2.316
242.01	-2.8725	3.4317
243.01	-0.87656	4.2772
244.01	1.0434	4.1429
245.01	3.0189	2.8856
246.01	4.055	0.81813
247.01	4.0407	-0.97769
248.01	3.4345	-2.4281
249.01	2.0831	-3.7708
249.98	0.34657	-3.8014
250.98	-2.3948	-3.1979
251.99	-3.7897	-2.6351
252.99	-4.2145	-1.9267
253.99	-4.5994	-0.44016
254.99	-4.5643	0.65105
255.99	-4.203	1.8132
256.99	-3.9076	2.3265
257.99	-3.8988	2.3132
258.99	-3.9071	2.2935
259.99	-3.7567	2.5449
260.99	-2.8528	3.459
262	-1.9111	3.9808
263	-0.61265	4.3016
264	-0.58349	4.3087
265	-0.57443	4.3107
266	-0.57453	4.3061
267	-0.58377	4.2921
268	-0.59485	4.3076
269	1.3057	3.7637
270	1.2005	3.7219
271	1.1859	3.7047
272.01	1.1559	3.6916
273.01	0.90838	3.5912
274.01	1.196	3.6139
275.01	1.2463	3.7379
276.01	1.6969	3.5845
277.01	2.4161	2.9153
278.01	3.1854	2.492
279.01	3.5331	1.8283
280.01	3.406	1.4054
281.01	3.3371	1.5479
282.01	3.3538	2.4673
282.98	2.6975	3.0061
283.98	1.0966	3.8291
284.98	-0.80793	4.2521
285.99	-2.5075	3.5898
286.99	-3.2729	3.1168
287.99	-4.0467	2.1052
288.99	-4.5456	0.82294
289.99	-4.5484	-0.88623
290.99	-3.9428	-2.4135
291.99	-2.6665	-3.724
292.99	-0.52952	-4.4273
293.99	1.7192	-3.9674
294.99	3.2326	-2.7341
296	4.1295	-0.36593
297	3.5862	2.0635
298	2.1349	3.6329
299	1.3044	4.0606
300	0.023526	4.301
301	-2.4141	3.7217
302	-3.9039	2.3251
303	-4.5719	0.49685
304	-4.2803	-1.7642
305.01	-2.9637	-3.4827
306.01	-2.032	-4.0572
307.01	0.3206	-4.4003
308.01	1.7572	-3.9135
309.01	3.0348	-2.9793
310.01	3.5075	-2.3207
311.01	4.1296	-0.0084611
312.01	3.2285	2.6307
313.01	1.1109	4.1244
314.01	-0.60789	4.3153
315.01	-2.1019	3.8354
315.98	-3.2238	3.128
316.98	-4.3747	1.3645
317.98	-4.5497	-0.91052
318.99	-3.5701	-2.9135
319.99	-2.5616	-3.7818
320.99	-1.5001	-4.2528
321.99	0.32114	-4.3889
322.99	1.8302	-3.9032
323.99	2.9061	-3.1097
324.99	3.7562	-1.8676
325.99	4.1364	-0.27
326.99	3.7264	1.8127
327.99	2.3351	3.516
329	0.72619	4.2249
330	-0.81371	4.2884
331	-3.0131	3.3081
332	-3.8829	2.0106
333	-4.5101	0.94852
334	-4.5841	-0.58739
335	-3.9338	-2.4362
336	-2.5841	-3.7725
337	-0.64474	-4.421
338	1.1021	-4.2153
339.01	2.6196	-3.3726
340.01	3.6266	-2.1044
341.01	4.1233	-0.10726
342.01	3.6082	2.0225
343.01	2.1292	3.6397
344.01	0.037208	4.3161
345.01	-0.24866	4.3381
346.01	-0.2108	4.3411
347.01	-0.20987	4.3409
348.01	-0.2107	4.3341
349.01	-0.20897	4.3413
349.98	-0.20664	4.3389
350.98	-0.21328	4.3337
351.99	-0.20834	4.3421
352.99	-0.2148	4.3326
353.99	-0.20166	4.3342
354.99	-0.21116	4.3266
355.99	-0.21469	4.329
356.99	-0.211	4.3301
357.99	-0.20552	4.334
358.99	-0.20851	4.3384
359.99	-0.2105	4.3277
360.99	-0.21088	4.3276
362	-0.21903	4.3482
363	-0.21338	4.3254
364	-0.20411	4.3338
365	-0.21765	4.3269
366	-0.21313	4.3276
367	-0.27179	4.3331
368	-1.9442	3.9708
369	-3.5028	2.7355
370	-4.4159	1.2056
371	-4.6079	0.37559
372.01	-4.4464	-1.3266
373.01	-3.6258	-2.8636
374.01	-2.267	-3.9449
375.01	0.28994	-4.4101
376.01	2.3567	-3.5926
377.01	3.4275	-2.4202
378.01	4.0069	-1.1321
379.01	4.1142	-0.3843
380.01	4.1147	0.34031
381.01	3.2256	2.6231
382.01	1.012	4.1552
382.98	0.99957	4.1635
383.98	-0.12957	4.3123
384.98	-2.1595	3.8314
385.99	-3.7081	2.4768
386.99	-4.0161	2.165
387.99	-4.5467	0.72112
388.99	-4.1535	-2.0374
389.99	-2.4766	-3.8347
390.99	-1.0768	-4.3636
391.99	1.0265	-4.2546
392.99	2.0744	-3.744
393.99	3.1462	-2.8078
394.99	3.4308	-2.4334
396	4.0204	-1.0519
397	3.8376	0.15095
398	3.4682	2.0206
399	2.7628	3.141
400	1.2563	4.066
401	-0.3391	4.3179
402	-1.8149	4.0122
403	-3.007	3.3316
404	-3.8402	2.4227
405.01	-4.6148	0.19917
406.01	-4.25	-1.854
407.01	-2.9065	-3.5409
408.01	-0.80376	-4.41
409.01	0.84134	-4.311
410.01	2.6988	-3.3222
411.01	3.9477	-1.3457
412.01	4.1197	-0.32361
413.01	3.862	1.4376
414.01	3.1765	2.6582
415.01	2.0819	3.2449
415.98	0.56637	4.1303
416.98	-1.6341	4.0055
417.98	-3.3141	3.045
418.99	-4.1072	1.9684
419.99	-4.5984	-0.4513
420.99	-3.8613	-2.5362
421.99	-2.9296	-3.3296
422.99	-0.92464	-4.3234
423.99	1.6146	-3.7918
424.99	2.8421	-2.9309
425.99	3.7103	-1.9561
426.99	4.0763	-0.7828
427.99	4.007	1.0083
429	3.0316	2.8708
430	1.4163	3.9964
431	-0.7284	4.2899
432	-2.3463	3.3226
433	-3.8689	2.3712
434	-2.6341	1.1896
435	-2.6506	1.1846
436	-2.6672	1.2164
437	-2.7851	1.1873
438	-4.1885	1.4729
439.01	-4.4267	1.1817
440.01	-4.3286	1.4298
441.01	-4.1578	1.8838
442.01	-2.7456	3.2252
443.01	-1.7102	3.8119
444.01	0.63744	2.6438
445.01	3.4533	1.552
446.01	3.5171	1.2127
447.01	3.1385	1.3256
448.01	2.2156	3.4406
449.01	0.1719	4.233
449.98	-0.61494	4.3053
450.98	-2.4891	3.6891
451.99	-3.5635	2.7801
452.99	-4.1902	1.0598
453.99	-2.792	-0.43543
454.99	-0.43588	-1.0571
455.99	1.9812	-2.1069
456.99	3.3384	-2.5865
457.99	3.3037	-2.6478
458.99	2.7084	-3.3086
459.99	1.1992	-4.2078
460.99	-0.52381	-4.4282
462	-2.231	-3.9604
463	-3.8977	-2.4874
464	-4.6019	-0.43711
465	-4.4082	1.2708
466	-3.8181	2.4338
467	-2.9318	3.0908
468	-0.22988	3.6866
469	1.2063	4.0862
470	2.2369	3.5604
471	3.237	2.5905
472.01	4.0415	0.7993
473.01	3.9527	-1.2977
474.01	2.7209	-2.4755
475.01	0.27272	-3.5844
476.01	-1.3577	-4.2103
477.01	-3.3564	-3.0435
478.01	-4.1223	-2.1079
479.01	-4.5206	-1.0033
480.01	-4.4514	1.1147
481.01	-3.7757	2.5032
482.01	-2.3492	3.7867
482.98	-0.5347	4.3199
483.98	0.44247	4.2834
484.98	0.42837	4.2893
485.99	0.42388	4.2719
486.99	0.68217	4.239
487.99	2.2042	3.5943
488.99	3.2998	2.5486
489.99	3.9458	1.2554
490.99	4.1413	-0.19263
491.99	3.7468	-1.8415
492.99	2.4199	-2.9278
493.99	0.84443	-4.2657
494.99	0.44072	-4.3898
496	-0.96037	-4.3854
497	-2.3931	-3.8771
498	-3.7017	-2.7655
499	-4.4934	-1.1265
500	-4.6122	0.20875
501	-4.1611	1.8825
502	-2.9169	3.3885
503	-2.3913	3.7512
504	-2.3824	3.7479
505.01	-2.3872	3.7478
506.01	-2.4205	3.7429
507.01	-2.4044	3.7384
508.01	-2.427	3.7304
509.01	-2.4168	3.7309
510.01	-2.0855	3.9104
511.01	-1.893	3.9997
512.01	-1.8957	3.9981
513.01	-1.8979	3.9946
514.01	-0.96946	4.2598
515.01	1.6317	3.9228
515.98	3.3883	2.4051
516.98	4.0812	0.63156
517.98	3.9247	-1.4481
518.99	1.6378	-1.2252
519.99	1.6384	-1.2071
520.99	1.637	-1.2027
521.99	1.6398	-1.2068
522.99	1.7228	-1.1745
523.99	3.7818	0.29604
524.99	3.8086	1.4981
525.99	3.2839	2.5657
526.99	2.7852	3.124
527.99	1.9271	3.7731
529	-0.070601	4.3228
530	-0.6295	4.2954
531	-3.1238	3.2087
532	-4.4905	0.97776
533	-4.2937	-1.7428
534	-3.2805	-3.2176
535	-2.3913	-3.8753
536	-0.34242	-4.4299
537	1.8838	-3.8826
538	3.5473	-2.2759
539.01	3.8286	-1.3688
540.01	2.6019	0.4729
541.01	2.4065	0.86733
542.01	1.314	3.1134
543.01	-0.026386	4.1851
544.01	-1.3318	4.0306
545.01	-2.2906	3.708
546.01	-3.4713	2.8759
547.01	-3.9305	2.2847
548.01	-4.406	1.2837
549.01	-4.618	-0.2817
549.98	-4.3537	-1.572
550.98	-3.5256	-2.9797
551.99	-2.5562	-3.7872
552.99	-1.0133	-4.3778
553.99	0.48735	-4.3805
554.99	1.9951	-3.834
555.99	2.8149	-3.2037
556.99	3.8757	-1.5353
557.99	4.0953	0.41091
558.99	3.711	1.7986
559.99	2.9027	2.9601
560.99	1.7921	3.7633
562	-0.19352	3.727
563	-2.7152	1.9052
564	-4.4787	0.30613
565	-3.6735	-2.0991
566	-1.7144	-3.7038
567	-0.39844	-3.9777
568	2.0281	-3.1799
569	3.3669	-2.0649
570	3.9184	-0.2651
571	3.338	1.5995
572.01	2.6297	3.0091
573.01	2.3114	3.4597
574.01	2.2933	3.4458
575.01	2.2125	3.5951
576.01	1.7339	3.8657
577.01	0.40148	4.2795
578.01	-0.61247	4.3046
579.01	-0.62899	4.309
580.01	-0.6239	4.3129
581.01	-0.62953	4.3026
582.01	-0.62739	4.3119
582.98	-1.5712	4.1095
583.98	-3.2833	3.081
584.98	-4.2658	1.6503
585.99	-4.5815	-0.66794
586.99	-4.283	-1.7763
587.99	-2.9148	-3.5351
588.99	-0.78921	-4.4074
589.99	1.4189	-4.1102
590.99	2.5131	-3.4614
591.99	3.7032	-1.9482
592.99	4.1207	-0.11969
593.99	3.9482	1.1823
594.99	3.6026	1.8163
596	2.7342	3.0303
597	2.1359	3.6414
598	1.8853	3.7812
599	0.92071	4.1774
