0	-2.5137	3.3695
1.001	-3.8555	1.5312
2.002	-3.9154	-0.99811
3.003	-2.6586	-2.8464
4.004	-0.6966	-3.6979
5.005	0.40742	-3.6863
6.006	1.7432	-3.2351
7.007	2.705	-2.5312
8.008	3.5795	-1.1381
9.009	3.8248	0.095738
10.01	3.3432	2.0846
11.011	3.0317	2.5539
12.012	1.9146	3.5815
13.013	0.41266	4.1235
14.014	-0.5433	4.1304
15.015	-2.0329	3.6668
16.016	-2.863	3.0646
16.983	-3.883	1.4616
17.984	-4.0906	0.030925
18.985	-3.7512	-1.4177
19.986	-3.2379	-2.2651
20.987	-2.1579	-3.1702
21.988	-0.77429	-3.6894
22.989	-0.64122	-3.6991
23.99	-0.35116	-3.7358
24.991	0.54084	-3.6794
25.992	1.4994	-3.3638
26.993	2.6301	-2.6053
27.994	3.5116	-1.3305
28.995	3.7727	-0.28974
29.996	3.7568	0.93182
30.997	3.6673	1.2878
31.998	3.3801	2.0042
32.999	2.4253	2.4385
34	1.2439	3.6225
35.001	0.46721	3.9129
36.002	-0.31099	3.4903
37.003	-1.5148	2.2031
38.004	-1.8503	1.7462
39.005	-1.9181	1.5839
40.006	-2.0852	0.62791
41.007	-2.37	-1.175
42.008	-2.6713	-2.7746
43.009	-2.049	-3.2523
44.01	-0.39699	-3.7115
45.011	0.66082	-3.655
46.012	1.7239	-3.2745
47.013	2.8044	-2.4389
48.014	3.1773	-1.9489
49.015	3.6789	-0.8468
50.016	3.7703	-0.43679
50.984	3.7285	1.0626
51.985	3.1178	2.4561
52.986	1.9095	3.5841
53.987	1.3323	3.8651
54.988	-0.38639	4.1474
55.989	-1.5664	3.8649
56.99	-1.7887	3.7908
57.991	-3.0019	2.9218
58.992	-3.2183	2.6656
59.993	-3.8722	1.4975
60.994	-4.0848	0.40941
61.995	-3.9186	-0.99676
62.996	-3.2847	-2.1965
63.997	-3.199	-2.3073
64.998	-2.4806	-2.987
65.999	-2.3413	-3.0959
67	-1.5524	-3.4812
68.001	0.21007	-3.7235
69.002	1.7897	-3.2396
70.003	2.7319	-2.5099
71.004	3.5458	-1.2299
72.005	3.664	-0.86804
73.006	3.4994	-0.83843
74.007	2.2786	-0.21372
75.008	0.61834	0.40442
76.009	-0.14296	0.50792
77.01	-0.62772	0.76937
78.011	-1.0474	1.5602
79.012	-1.6916	2.1104
80.013	-3.1836	2.4938
81.014	-3.2857	1.4793
82.015	-2.8634	-0.68026
83.016	-2.7539	-1.6358
83.983	-2.4054	-2.9669
84.984	-0.90582	-3.5856
85.985	0.61191	-3.6303
86.986	1.6284	-3.0838
87.987	2.3437	-2.3322
88.988	2.5207	-2.3618
89.989	2.8212	-2.4188
90.99	2.6758	-2.5766
91.991	2.4031	-2.828
92.992	1.9544	-3.1647
93.993	1.2602	-3.4959
94.994	0.74864	-3.6573
95.995	0.081806	-3.7421
96.996	-0.62413	-3.7215
97.997	-1.3021	-3.5611
98.998	-1.7961	-3.3609
100	-1.7868	-3.3566
101	-1.7706	-3.3748
102	-1.7681	-3.3795
103	-1.7403	-3.3782
104	-1.7413	-3.3982
105	-2.1539	-3.1946
106.01	-2.8094	-2.7112
107.01	-3.1241	-2.3864
108.01	-3.3774	-2.0075
109.01	-3.781	-1.2989
110.01	-4.0541	-0.30795
111.01	-4.0731	0.092728
112.01	-4.0343	0.69606
113.01	-3.8485	1.5333
114.01	-3.4421	2.3393
114.98	-2.8976	3.0124
115.98	-2.758	3.1495
116.98	-2.4777	3.383
117.98	-1.7463	3.7916
118.98	-0.52219	4.1413
119.99	0.19841	4.1463
120.99	1.3278	3.8585
121.99	1.7505	3.667
122.99	2.5291	3.1194
123.99	2.9125	2.7113
124.99	3.3859	2.0067
125.99	3.7617	0.93406
126.99	3.8142	-0.089474
127.99	3.5835	-1.1356
129	3.0736	-2.0997
130	2.7808	-2.4422
131	2.2844	-2.9108
132	1.5565	-3.3576
133	0.75584	-3.6319
134	0.44034	-3.7012
135	-0.3311	-3.7244
136	-1.315	-3.5542
137	-1.3475	-3.5619
138	-1.2973	-3.5858
139	-1.2979	-3.5754
140.01	-1.3293	-3.5777
141.01	-1.3128	-3.5688
142.01	-1.3035	-3.5742
143.01	-1.2973	-3.5465
144.01	-1.2916	-3.5432
145.01	-1.3055	-3.5559
146.01	-1.3025	-3.5404
147.01	-1.304	-3.5644
148.01	-1.3075	-3.5523
149.01	-1.3159	-3.5537
149.98	-1.3224	-3.5375
150.98	-1.3264	-3.5223
151.99	-1.3262	-3.5251
152.99	-1.3672	-3.5568
153.99	-1.4203	-3.5547
154.99	-1.4061	-3.5613
155.99	-1.4067	-3.5598
156.99	-1.4102	-3.5487
157.99	-1.413	-3.5454
158.99	-1.4006	-3.5472
159.99	-1.4055	-3.545
160.99	-1.4018	-3.5463
162	-1.4068	-3.5429
163	-1.4082	-3.542
164	-1.391	-3.5585
165	-1.4042	-3.5511
166	-1.4006	-3.5461
167	-1.4066	-3.5436
168	-1.398	-3.5437
169	-1.3989	-3.5424
170	-1.4094	-3.5304
171	-1.4077	-3.523
172	-1.4245	-3.5083
173.01	-1.4314	-3.5038
174.01	-1.4274	-3.5031
175.01	-1.4325	-3.5017
176.01	-1.4104	-3.5085
177.01	-1.4075	-3.5142
178.01	-1.4089	-3.5024
179.01	-1.4238	-3.5096
180.01	-1.4257	-3.5115
181.01	-1.4095	-3.4936
182.01	-1.4487	-3.4937
182.98	-1.4317	-3.5029
183.98	-1.4337	-3.4962
184.98	-1.4282	-3.5102
185.99	-1.4269	-3.5085
186.99	-1.4487	-3.4919
187.99	-1.4462	-3.4995
188.99	-1.4437	-3.4898
189.99	-1.4704	-3.5153
190.99	-1.4691	-3.527
191.99	-1.4814	-3.5349
192.99	-1.473	-3.5404
193.99	-1.4593	-3.5418
194.99	-1.4416	-3.5451
196	-1.4437	-3.5444
197	-1.443	-3.5355
198	-1.4424	-3.5419
199	-1.4374	-3.5318
200	-1.3436	-3.5468
201	-1.2034	-3.5309
202	-1.1563	-3.4023
203	-1.1297	-3.4159
204	-1.1251	-3.3766
205	-1.1274	-3.3804
206.01	-1.1276	-3.3706
207.01	-1.1236	-3.3716
208.01	-1.1263	-3.3778
209.01	-1.1255	-3.3763
210.01	-1.1247	-3.3795
211.01	-1.1254	-3.3802
212.01	-1.1236	-3.3756
213.01	-1.1228	-3.373
214.01	-1.1261	-3.38
215.01	-1.1272	-3.3737
215.98	-1.127	-3.3808
216.98	-1.1274	-3.3803
217.98	-1.129	-3.3894
218.99	-1.1282	-3.384
219.99	-1.1252	-3.3842
220.99	-1.1273	-3.3827
221.99	-1.1277	-3.3733
222.99	-1.1274	-3.3741
223.99	-1.128	-3.3791
224.99	-1.1272	-3.3784
225.99	-1.134	-3.3868
226.99	-1.131	-3.3925
227.99	-1.1304	-3.3943
229	-1.1309	-3.392
230	-1.1316	-3.3932
231	-1.1283	-3.389
232	-1.1294	-3.3776
233	-1.1347	-3.3925
234	-1.1343	-3.4021
235	-1.1288	-3.39
236	-1.1291	-3.3922
237	-1.1305	-3.396
238	-1.1299	-3.3929
239	-1.1271	-3.386
240.01	-1.1302	-3.3881
241.01	-1.1339	-3.388
242.01	-1.1332	-3.3906
243.01	-1.1287	-3.3939
244.01	-1.1292	-3.39
245.01	-1.1315	-3.3959
246.01	-1.1357	-3.3849
247.01	-1.1416	-3.327
248.01	-1.1303	-3.3226
249.01	-1.3091	-3.2588
249.98	-1.3109	-3.2691
250.98	-1.3677	-3.1271
251.99	-1.3604	-3.0136
252.99	-1.3909	-2.985
253.99	-1.398	-2.9961
254.99	-1.4029	-2.9952
255.99	-1.4022	-2.9958
256.99	-1.395	-3.0099
257.99	-1.3852	-3.0002
258.99	-1.3876	-3.0043
259.99	-1.3911	-2.8
260.99	-0.88767	-1.4826
262	-0.063402	-0.32393
263	0.592	-0.17297
264	1.9625	0.44818
265	3.2023	1.667
266	3.1277	2.2836
267	2.4777	3.0446
268	1.6394	3.5258
269	0.81741	3.8059
270	0.57634	3.8456
271	-0.81254	3.6454
272	-2.0289	3.0162
273.01	-2.8847	1.2195
274.01	-3.1615	-0.90578
275.01	-3.3028	-1.8793
276.01	-2.5285	-2.2138
277.01	-2.5465	-2.2213
278.01	-2.5439	-2.2422
279.01	-2.5534	-2.2102
280.01	-2.5492	-2.2124
281.01	-2.5351	-2.2334
282.01	-2.5344	-2.2554
282.98	-2.536	-2.2426
283.98	-2.538	-2.2319
284.98	-2.5386	-2.2349
285.99	-2.4269	-2.1849
286.99	-1.5896	-1.9616
287.99	-0.72119	-2.3927
288.99	-0.18153	-3.3635
289.99	-0.26725	-3.364
290.99	-0.12417	-3.7327
291.99	0.2388	-3.7177
292.99	0.56014	-3.6702
293.99	0.88341	-3.603
294.99	1.2184	-3.5133
296	1.9544	-3.1439
297	2.8871	-2.3487
298	3.1936	-1.9148
299	3.6403	-0.94499
300	3.7822	-0.31445
301	3.8231	0.17729
302	3.7952	0.68641
303	3.5892	1.5276
304	3.3256	2.1137
305	3.0384	2.5655
306.01	2.992	2.624
307.01	2.8909	2.762
308.01	2.7216	2.91
309.01	2.5517	3.1006
310.01	2.1646	3.4129
311.01	1.4571	3.8176
312.01	1.2479	3.895
313.01	1.2297	3.9111
314.01	1.2169	3.9242
315.01	0.70934	4.0611
315.98	0.26035	4.1445
316.98	-0.5639	4.1332
317.98	-1.4619	3.93
318.99	-1.94	3.7191
319.99	-2.7135	3.1985
320.99	-3.0795	2.8444
321.99	-3.6952	1.8972
322.99	-3.9538	1.2149
323.99	-4.0905	0.11502
324.99	-3.8843	-1.0961
325.99	-3.2519	-2.2535
326.99	-3.1844	-2.3487
327.99	-1.4613	-0.34873
329	-1.5361	-0.31721
330	-1.5254	-0.3417
331	-1.5012	-0.32074
332	-1.5296	-0.30338
333	-1.5089	-0.31905
334	-1.5128	-0.31905
335	-1.5104	-0.31895
336	-1.5071	-0.31864
337	-1.5124	-0.32629
338	-1.5131	-0.32783
339	-1.5175	-0.31105
340.01	-1.596	-0.19595
341.01	-2.2203	1.0369
342.01	-2.2652	1.1971
343.01	-2.6457	2.7435
344.01	-2.6415	3.0615
345.01	-1.6385	3.5967
346.01	-0.2801	4.0607
347.01	0.97374	3.8799
348.01	1.804	3.3975
349.01	2.2677	3.2747
349.98	2.5721	3.0714
350.98	2.7545	2.8957
351.99	2.9156	2.7199
352.99	2.9161	2.6727
353.99	2.9138	2.7391
354.99	2.9204	2.7132
355.99	2.9151	2.7106
356.99	2.9184	2.7037
357.99	2.9118	2.7016
358.99	2.908	2.7045
359.99	2.9411	2.7084
360.99	2.9533	2.7124
362	2.9478	2.7124
363	2.9422	2.7138
364	2.9446	2.7132
365	2.9375	2.7085
366	2.945	2.7116
367	2.939	2.7131
368	2.9775	2.6658
369	2.9906	2.6674
370	3.0005	2.6509
371	2.992	2.6535
372	2.9991	2.6518
373.01	3.0022	2.6532
374.01	2.9994	2.6533
375.01	3.0006	2.6515
376.01	3.0056	2.635
377.01	3.0064	2.6454
378.01	3.0232	2.6219
379.01	3.0174	2.6268
380.01	3.0106	2.6217
381.01	3.0426	2.6042
382.01	3.0185	2.6279
382.98	3.0685	2.5355
383.98	3.2552	2.2562
384.98	3.2273	2.2954
385.99	3.227	2.2946
386.99	3.228	2.3018
387.99	3.2271	2.2975
388.99	3.2192	2.3082
389.99	3.232	2.295
390.99	3.228	2.2955
391.99	3.2332	2.2951
392.99	3.2275	2.2961
393.99	3.2226	2.3126
394.99	3.2228	2.3124
396	3.2264	2.3119
397	3.2222	2.3149
398	3.2239	2.3065
399	3.2244	2.3151
400	3.2192	2.3132
401	3.221	2.3048
402	3.2184	2.3114
403	3.222	2.3115
404	3.218	2.3156
405	3.2167	2.3136
406.01	3.2198	2.3153
407.01	3.2167	2.3157
408.01	3.2029	2.3442
409.01	3.2042	2.3537
410.01	3.2056	2.3504
411.01	3.1932	2.3548
412.01	3.1939	2.3523
413.01	3.1936	2.3534
414.01	3.1931	2.3531
415.01	3.1948	2.3548
415.98	3.1947	2.3547
416.98	3.2038	2.3529
417.98	3.1929	2.3543
418.99	3.1886	2.3417
419.99	3.1821	2.3401
420.99	3.1806	2.3426
421.99	3.1678	2.3426
422.99	3.1559	2.345
423.99	3.1566	2.3471
424.99	3.1493	2.348
425.99	3.2077	2.1409
426.99	3.2154	2.1275
427.99	3.2163	2.1169
429	3.4577	1.3887
430	3.5395	0.94612
431	2.7195	-0.46011
432	1.5273	-1.898
433	0.3392	-3.5675
434	0.12766	-3.7201
435	-0.048016	-3.756
436	-0.152	-3.7646
437	-0.64152	-3.7224
438	-1.0029	-3.6483
439	-1.001	-3.6548
440.01	-0.96628	-3.6678
441.01	-0.97058	-3.6594
442.01	-0.97812	-3.6546
443.01	-0.95154	-3.6485
444.01	-0.94547	-3.6481
445.01	-0.93589	-3.6458
446.01	-0.94156	-3.6462
447.01	-0.92987	-3.6446
448.01	-0.93709	-3.6471
449.01	-0.92746	-3.6432
449.98	-0.92726	-3.6377
450.98	-0.91308	-3.6616
451.99	-0.93422	-3.6682
452.99	-0.96641	-3.6633
453.99	-0.96951	-3.6564
454.99	-0.99351	-3.6557
455.99	-0.98983	-3.6554
456.99	-0.99092	-3.6599
457.99	-1.0003	-3.645
458.99	-1.0144	-3.6509
459.99	-1.0035	-3.6469
460.99	-1.0106	-3.6363
462	-1.015	-3.6335
463	-1.0217	-3.6319
464	-1.012	-3.6348
465	-1.0545	-3.6527
466	-1.0474	-3.6525
467	-1.0499	-3.6446
468	-1.0151	-3.6627
469	-0.97899	-3.6729
470	-0.89785	-3.6827
471	-0.90462	-3.6843
472	-0.91036	-3.6764
473.01	-0.94447	-3.6811
474.01	-0.95284	-3.676
475.01	-0.95137	-3.6724
476.01	-0.97221	-3.6593
477.01	-0.98408	-3.6591
478.01	-0.97272	-3.6645
479.01	-0.99278	-3.6698
480.01	-0.99667	-3.6555
481.01	-0.9978	-3.6557
482.01	-1.0033	-3.6549
482.98	-1.0043	-3.6618
483.98	-0.99692	-3.6571
484.98	-0.99692	-3.6571
485.99	-0.99692	-3.6571
486.99	-1.0033	-3.6549
487.99	-1.0035	-3.6534
488.99	-1.0038	-3.6538
489.99	-1.0055	-3.6543
490.99	-1.0045	-3.6528
491.99	-1.0035	-3.6535
492.99	-1.0173	-3.6607
493.99	-1.0254	-3.6587
494.99	-1.0231	-3.6583
496	-1.021	-3.658
497	-1.0048	-3.6715
498	-0.99692	-3.665
499	-1.0031	-3.67
500	-1.0014	-3.6697
501	-0.99256	-3.6646
502	-0.99321	-3.6641
503	-0.99022	-3.6669
504	-0.99672	-3.6716
505	-0.99235	-3.675
506.01	-0.98962	-3.6699
507.01	-1.0016	-3.6676
508.01	-1.011	-3.6555
509.01	-1.0153	-3.6513
510.01	-1.0347	-3.6557
511.01	-1.0216	-3.6396
512.01	-1.0162	-3.6355
513.01	-1.0439	-3.6603
514.01	-1.0259	-3.6383
515.01	-1.0199	-3.6304
515.98	-1.0376	-3.6248
516.98	-1.0222	-3.6319
517.98	-1.0268	-3.6313
518.99	-1.0274	-3.6306
519.99	-1.0314	-3.6163
520.99	-1.0476	-3.6048
521.99	-1.0604	-3.5962
522.99	-1.0537	-3.602
523.99	-1.0715	-3.5964
524.99	-1.0461	-3.604
525.99	-1.059	-3.5991
526.99	-1.063	-3.5982
527.99	-1.0603	-3.5915
529	-1.084	-3.5929
530	-1.0758	-3.5952
531	-1.0628	-3.5933
532	-1.06	-3.5958
533	-1.0551	-3.5936
534	-1.0439	-3.6032
535	-1.0625	-3.6058
536	-1.0876	-3.6352
537	-1.0815	-3.6365
538	-1.0765	-3.6394
539	-1.084	-3.6395
540.01	-1.0813	-3.6493
541.01	-1.0894	-3.6509
542.01	-1.0836	-3.6462
543.01	-1.0897	-3.6174
544.01	-1.0887	-3.6141
545.01	-1.0884	-3.6133
546.01	-1.0951	-3.6092
547.01	-1.0926	-3.6082
548.01	-1.1021	-3.6088
549.01	-1.0807	-3.6278
549.98	-1.0784	-3.6123
550.98	-1.0764	-3.6348
551.99	-1.0754	-3.6432
552.99	-1.0879	-3.6578
553.99	-1.0827	-3.6487
554.99	-1.1104	-3.63
555.99	-1.1135	-3.6279
556.99	-1.1311	-3.6283
557.99	-1.0747	-3.6234
558.99	-1.0565	-3.6376
559.99	-1.0521	-3.6474
560.99	-1.0582	-3.6503
562	-1.0523	-3.6445
563	-1.0568	-3.6476
564	-1.0481	-3.6469
565	-1.056	-3.6425
566	-1.0524	-3.648
567	-1.0458	-3.645
568	-1.0555	-3.6462
569	-1.0395	-3.6508
570	-1.0409	-3.6561
571	-1.0385	-3.6551
572	-1.0326	-3.663
573.01	-1.0335	-3.6527
574.01	-1.0279	-3.6512
575.01	-1.0264	-3.6523
576.01	-1.0263	-3.6599
577.01	-1.0175	-3.6684
578.01	-1.0234	-3.6552
579.01	-1.0297	-3.6631
580.01	-1.0352	-3.6616
581.01	-1.0536	-3.6528
582.01	-1.0531	-3.6494
582.98	-1.0538	-3.6516
583.98	-1.0549	-3.6539
584.98	-1.0511	-3.6556
585.99	-1.0459	-3.6558
586.99	-1.053	-3.6527
587.99	-1.0523	-3.6534
588.99	-1.0518	-3.6491
589.99	-1.0468	-3.6604
590.99	-1.0462	-3.6527
591.99	-1.039	-3.653
592.99	-1.0379	-3.6528
593.99	-1.0379	-3.6528
594.99	-1.049	-3.6565
596	-1.0392	-3.6546
597	-1.0382	-3.6591
598	-1.0403	-3.6556
599	-1.0391	-3.6604
