0	-3.3992	2.4216
1.001	-4.0055	1.0516
2.002	-3.852	-1.1034
3.003	-3.1569	-2.3018
4.004	-2.0461	-3.2598
5.005	-0.48627	-3.7374
6.006	1.4993	-3.3877
7.007	2.5091	-2.7305
8.008	3.4777	-1.3769
9.009	3.8009	-0.22432
10.01	3.6067	1.5074
11.011	3.0107	2.6026
12.012	1.9775	3.5429
13.013	0.63089	4.0833
14.014	-0.3494	4.1361
15.015	-1.0737	4.0405
16.016	-1.9352	3.7159
16.983	-2.1344	3.6112
17.984	-2.9183	3.003
18.985	-3.5281	2.2153
19.986	-3.9852	1.0827
20.987	-3.9891	-0.71381
21.988	-3.2807	-2.1994
22.989	-1.749	-3.3993
23.99	-0.94834	-3.6557
24.991	-0.93553	-3.6436
25.992	-0.92752	-3.6518
26.993	-0.93467	-3.6499
27.994	-0.9252	-3.64
28.995	-0.92685	-3.6469
29.996	-0.67707	-3.6911
30.997	0.70184	-3.6441
31.998	1.6885	-3.282
32.999	2.7201	-2.5241
34	3.3441	-1.6612
35.001	3.6769	-0.85271
36.002	3.7536	-0.50438
37.003	3.7797	0.73936
38.004	3.5737	1.572
39.005	3.1396	2.4007
40.006	2.3219	3.2912
41.007	2.1559	3.4193
42.008	2.1321	3.4086
43.009	2.1286	3.4057
44.01	1.9002	3.5923
45.011	1.2562	3.8924
46.012	1.1593	3.9217
47.013	0.52524	4.0895
48.014	0.12464	4.1487
49.015	0.061867	4.1668
50.016	-0.21067	4.1684
50.984	-1.1861	4.018
51.985	-1.8149	3.7838
52.986	-1.8927	3.7633
53.987	-2.6226	3.2845
54.988	-3.3237	2.5221
55.989	-4.0073	0.96494
56.99	-4.0262	-0.5272
57.991	-3.285	-2.1995
58.992	-2.4123	-3.0083
59.993	-1.6016	-3.4433
60.994	-0.58263	-3.6988
61.995	-0.60449	-3.703
62.996	-0.638	-3.7162
63.997	-0.62272	-3.7153
64.998	-0.62652	-3.7107
65.999	-0.62316	-3.7145
67	-0.62793	-3.7203
68.001	-0.62524	-3.7136
69.002	-0.62771	-3.7188
70.003	-0.62389	-3.7176
71.004	-0.61785	-3.7073
72.005	-0.62955	-3.7153
73.006	-0.62464	-3.7128
74.007	-0.62544	-3.7148
75.008	-0.62747	-3.7162
76.009	-0.62769	-3.7137
77.01	-0.62716	-3.7135
78.011	-0.62787	-3.711
79.012	-0.62998	-3.7194
80.013	-0.63039	-3.7029
81.014	-0.62987	-3.7126
82.015	-0.62788	-3.7082
83.016	-0.6281	-3.7048
83.983	-0.62683	-3.712
84.984	-0.62637	-3.7081
85.985	-0.62256	-3.7291
86.986	-0.63108	-3.702
87.987	-0.63427	-3.7073
88.988	-0.63307	-3.707
89.989	-0.62523	-3.6934
90.99	-0.63274	-3.6959
91.991	-0.63199	-3.7038
92.992	-0.62989	-3.7213
93.993	-0.62875	-3.7045
94.994	-0.6311	-3.7034
95.995	-0.63157	-3.7108
96.996	-0.62891	-3.707
97.997	-0.62767	-3.7113
98.998	-0.63261	-3.7129
100	-0.63017	-3.7159
101	-0.63208	-3.7107
102	-0.63157	-3.711
103	-0.63192	-3.7103
104	-0.63243	-3.7105
105	-0.63166	-3.7032
106.01	-0.62951	-3.7076
107.01	-0.63414	-3.7075
108.01	-0.63395	-3.707
109.01	-0.63558	-3.7086
110.01	-0.63324	-3.7093
111.01	-0.63561	-3.7065
112.01	-0.63323	-3.7068
113.01	-0.63194	-3.7025
114.01	-0.63278	-3.7095
114.98	-0.62874	-3.7084
115.98	-0.63197	-3.7096
116.98	-0.63351	-3.712
117.98	-0.63243	-3.7131
118.98	-0.62358	-3.7151
119.99	-0.63353	-3.7121
120.99	-0.62879	-3.7134
121.99	-0.63339	-3.7083
122.99	-0.63544	-3.7102
123.99	-0.63478	-3.7068
124.99	-0.63426	-3.708
125.99	-0.63311	-3.7078
126.99	-0.63251	-3.7031
127.99	-0.63309	-3.7096
129	-0.63495	-3.7085
130	-0.61629	-3.7044
131	-0.61605	-3.7107
132	-0.61123	-3.7087
133	-0.6157	-3.7098
134	-0.61344	-3.7103
135	-0.61236	-3.7127
136	-0.61135	-3.7137
137	-0.6137	-3.7137
138	-0.61446	-3.712
139	-0.60809	-3.7147
140.01	-0.61567	-3.7084
141.01	-0.61506	-3.723
142.01	-0.61596	-3.6946
143.01	-0.61481	-3.7172
144.01	-0.61377	-3.6987
145.01	-0.60867	-3.6966
146.01	-0.61464	-3.696
147.01	-0.61288	-3.7053
148.01	-0.61964	-3.7049
149.01	-0.61285	-3.7104
149.98	-0.61254	-3.7124
150.98	-0.61526	-3.7107
151.99	-0.6177	-3.7098
152.99	-0.6221	-3.7107
153.99	-0.50469	-3.717
154.99	0.66573	-3.6487
155.99	1.2501	-3.4556
156.99	1.7125	-2.0883
157.99	2.2053	-1.7161
158.99	2.0156	-1.7144
159.99	1.2511	-0.75494
160.99	0.50944	1.0392
162	0.59469	2.7491
163	0.97528	3.843
164	1.5215	3.4838
165	2.5046	2.9848
166	2.8735	2.147
167	3.4255	1.0718
168	2.541	-0.68963
169	2.4694	-1.914
170	2.1817	-2.5661
171	0.95249	-3.4489
172	-0.08864	-2.4184
173.01	-1.4392	-1.2528
174.01	-1.7565	-0.9446
175.01	-2.756	0.48992
176.01	-3.6891	1.704
177.01	-3.5947	2.0711
178.01	-3.5544	2.1696
179.01	-3.4251	2.3835
180.01	-3.0654	2.8404
181.01	-2.563	3.3212
182.01	-2.4259	3.4288
182.98	-2.2044	3.5778
183.98	-1.6322	3.8585
184.98	-0.9796	4.0648
185.99	-0.29739	4.139
186.99	0.015341	4.1548
187.99	0.87212	4.0272
188.99	1.2286	3.8968
189.99	1.9537	3.5599
190.99	2.1275	3.4349
191.99	2.5853	3.0713
192.99	3.2203	2.2893
193.99	3.6247	1.4371
194.99	3.8196	0.44862
196	3.7864	-0.30848
197	3.4592	-1.4323
198	3.1121	-1.5971
199	2.2777	-1.5902
200	1.4183	-2.9953
201	1.3658	-2.938
202	0.79851	-1.7632
203	-0.091109	-0.19425
204	-0.48925	0.7059
205	-1.3963	2.2339
206.01	-1.8354	2.8727
207.01	-1.9525	3.4162
208.01	-0.64105	3.8074
209.01	0.64119	3.1946
210.01	2.0013	1.8517
211.01	2.4552	1.339
212.01	1.7447	-0.33143
213.01	0.95359	-2.1288
214.01	0.93361	-3.4393
215.01	0.95043	-3.4143
215.98	0.71659	-3.4728
216.98	0.30396	-3.6575
217.98	-0.51548	-3.667
218.99	-1.6297	-2.8135
219.99	-2.8236	-2.5007
220.99	-3.3736	-1.2749
221.99	-3.9296	-0.063143
222.99	-4.0824	-0.01413
223.99	-4.0971	0.15029
224.99	-4.0991	0.45135
225.99	-3.9953	1.0746
226.99	-3.922	1.3905
227.99	-3.7213	1.8719
229	-3.4421	2.3852
230	-3.0475	2.8798
231	-2.9741	2.9728
232	-2.5865	3.3101
233	-2.2195	3.5705
234	-1.8848	3.7375
235	-1.9318	3.7077
236	-1.8299	3.5625
237	-1.5165	3.2328
238	-1.5171	3.2044
239	-1.5286	3.2241
240.01	-1.531	3.2293
241.01	-1.5304	3.2312
242.01	-1.5306	3.2271
243.01	-1.5277	3.2275
244.01	-1.5306	3.2233
245.01	-1.5257	3.2191
246.01	-1.5331	3.2233
247.01	-1.5354	3.2189
248.01	-1.5332	3.2207
249.01	-1.5364	3.2159
249.98	-1.5358	3.2306
250.98	-1.5355	3.2308
251.99	-1.5417	3.2307
252.99	-1.5538	3.243
253.99	-1.5609	3.247
254.99	-1.5615	3.2376
255.99	-1.5699	3.2449
256.99	-1.5579	3.2313
257.99	-1.5634	3.2192
258.99	-1.5766	3.2302
259.99	-1.572	3.235
260.99	-1.5756	3.2395
262	-1.5769	3.2333
263	-1.5712	3.2371
264	-1.5925	3.2352
265	-1.5859	3.2357
266	-1.5943	3.2575
267	-1.5969	3.231
268	-1.5863	3.2319
269	-1.5752	3.233
270	-1.4991	3.2375
271	-1.5229	3.2441
272	-1.5139	3.2298
273.01	-1.5193	3.2304
274.01	-1.5329	3.224
275.01	-1.5083	3.2031
276.01	-1.5303	3.2216
277.01	-1.5322	3.2194
278.01	-1.5281	3.21
279.01	-1.553	3.2128
280.01	-1.5665	3.2076
281.01	-1.5715	3.2275
282.01	-1.5916	3.2336
282.98	-1.5956	3.2221
283.98	-1.5962	3.2379
284.98	-1.5925	3.2248
285.99	-1.597	3.2276
286.99	-1.602	3.228
287.99	-1.5972	3.2304
288.99	-1.595	3.2329
289.99	-1.6008	3.2238
290.99	-1.6024	3.242
291.99	-1.6038	3.2352
292.99	-1.5957	3.2226
293.99	-1.6143	3.2393
294.99	-1.6051	3.2291
296	-1.6103	3.2347
297	-1.5987	3.2292
298	-1.6102	3.2352
299	-1.6126	3.2329
300	-1.6157	3.2439
301	-1.6067	3.2408
302	-1.6241	3.2433
303	-1.6234	3.2426
304	-1.6136	3.2454
305	-1.617	3.2423
306.01	-1.6105	3.2377
307.01	-1.6248	3.2466
308.01	-1.6218	3.2532
309.01	-1.623	3.253
310.01	-1.626	3.2613
311.01	-1.6236	3.2564
312.01	-1.6196	3.2743
313.01	-1.6276	3.2871
314.01	-1.6232	3.2919
315.01	-1.6175	3.2742
315.98	-1.6107	3.2751
316.98	-1.621	3.2791
317.98	-1.6163	3.2902
318.99	-1.6265	3.2985
319.99	-1.6122	3.2812
320.99	-1.6142	3.2833
321.99	-1.6045	3.2812
322.99	-1.6212	3.2637
323.99	-1.64	3.2493
324.99	-1.6447	3.2579
325.99	-1.6641	3.2316
326.99	-1.6546	3.2295
327.99	-1.6361	3.2323
329	-1.646	3.2282
330	-1.6447	3.227
331	-1.6485	3.23
332	-1.6534	3.2257
333	-1.6397	3.2345
334	-1.6384	3.2394
335	-1.6379	3.2383
336	-1.6379	3.2389
337	-1.6276	3.2598
338	-1.6277	3.2518
339	-1.6291	3.248
340.01	-1.6355	3.2363
341.01	-1.6288	3.2409
342.01	-1.63	3.2383
343.01	-1.634	3.2362
344.01	-1.6297	3.2388
345.01	-1.6351	3.2362
346.01	-1.6287	3.2371
347.01	-1.6232	3.234
348.01	-1.6274	3.2374
349.01	-1.6241	3.2355
349.98	-1.6269	3.2345
350.98	-1.619	3.2428
351.99	-1.6194	3.2337
352.99	-1.6103	3.243
353.99	-1.6162	3.2242
354.99	-1.6073	3.25
355.99	-1.612	3.2304
356.99	-1.6094	3.2365
357.99	-1.6104	3.2462
358.99	-1.6081	3.2342
359.99	-1.6034	3.2387
360.99	-1.6106	3.2297
362	-1.6082	3.2341
363	-1.5996	3.2348
364	-1.6065	3.2342
365	-1.6035	3.2215
366	-1.6048	3.2219
367	-1.6072	3.2257
368	-1.607	3.2141
369	-1.6052	3.2187
370	-1.6013	3.2247
371	-1.6001	3.2268
372	-1.6061	3.2145
373.01	-1.6038	3.2124
374.01	-1.5985	3.2231
375.01	-1.6026	3.2151
376.01	-1.5996	3.2219
377.01	-1.6052	3.2152
378.01	-1.5989	3.2249
379.01	-1.5994	3.214
380.01	-1.6033	3.2143
381.01	-1.6008	3.2237
382.01	-1.5948	3.2225
382.98	-1.6032	3.2139
383.98	-1.6034	3.2101
384.98	-1.6058	3.2101
385.99	-1.5991	3.2142
386.99	-1.5941	3.22
387.99	-1.6001	3.216
388.99	-1.6026	3.2133
389.99	-1.607	3.2147
390.99	-1.5946	3.2198
391.99	-1.5946	3.2193
392.99	-1.6061	3.2164
393.99	-1.5972	3.22
394.99	-1.6005	3.2149
396	-1.6223	3.2022
397	-1.6129	3.2186
398	-1.6141	3.2164
399	-1.6169	3.2145
400	-1.6227	3.2155
401	-1.6156	3.2151
402	-1.6143	3.2083
403	-1.6259	3.2152
404	-1.6168	3.2184
405	-1.6109	3.2152
406.01	-1.6174	3.2088
407.01	-1.6199	3.2088
408.01	-1.615	3.2117
409.01	-1.6177	3.2029
410.01	-1.621	3.205
411.01	-1.6178	3.2069
412.01	-1.6175	3.2014
413.01	-1.609	3.2039
414.01	-1.6177	3.1977
415.01	-1.6135	3.2
415.98	-1.6079	3.2125
416.98	-1.6082	3.2071
417.98	-1.6131	3.2112
418.99	-1.6108	3.2166
419.99	-1.6108	3.2146
420.99	-1.616	3.186
421.99	-1.6106	3.2079
422.99	-1.6089	3.2035
423.99	-1.6083	3.2095
424.99	-1.6095	3.1978
425.99	-1.6082	3.1988
426.99	-1.6086	3.2149
427.99	-1.607	3.2144
429	-1.6116	3.2076
430	-1.6079	3.2078
431	-1.6144	3.2053
432	-1.6085	3.2038
433	-1.6091	3.2043
434	-1.6087	3.2044
435	-1.6145	3.1948
436	-1.6097	3.2001
437	-1.6087	3.2077
438	-1.6089	3.204
439	-1.6143	3.2039
440.01	-1.6044	3.2117
441.01	-1.6069	3.2095
442.01	-1.6067	3.2025
443.01	-1.6091	3.2093
444.01	-1.605	3.2027
445.01	-1.6115	3.1997
446.01	-1.6073	3.1968
447.01	-1.6066	3.203
448.01	-1.6032	3.2036
449.01	-1.6062	3.2062
449.98	-1.608	3.2013
450.98	-1.606	3.2036
451.99	-1.6033	3.2049
452.99	-1.6052	3.2037
453.99	-1.6056	3.203
454.99	-1.6043	3.2087
455.99	-1.6008	3.2072
456.99	-1.6038	3.2133
457.99	-1.607	3.2044
458.99	-1.6037	3.2051
459.99	-1.6086	3.2076
460.99	-1.5978	3.2126
462	-1.5933	3.2129
463	-1.6068	3.205
464	-1.6089	3.2032
465	-1.608	3.2038
466	-1.6057	3.2067
467	-1.6053	3.2014
468	-1.6	3.2039
469	-1.6083	3.2053
470	-1.6	3.2017
471	-1.601	3.2091
472	-1.6072	3.2047
473.01	-1.6027	3.2048
474.01	-1.6062	3.2076
475.01	-1.6015	3.2105
476.01	-1.6059	3.2112
477.01	-1.5999	3.2138
478.01	-1.6022	3.2075
479.01	-1.6053	3.2127
480.01	-1.6085	3.2048
481.01	-1.5939	3.2161
482.01	-1.6058	3.2061
482.98	-1.6052	3.204
483.98	-1.6091	3.2063
484.98	-1.604	3.2007
485.99	-1.6047	3.2025
486.99	-1.6034	3.2059
487.99	-1.6081	3.1963
488.99	-1.5979	3.2097
489.99	-1.6038	3.197
490.99	-1.6009	3.2023
491.99	-1.5978	3.2102
492.99	-1.6069	3.1966
493.99	-1.601	3.2028
494.99	-1.5989	3.2043
496	-1.5952	3.2045
497	-1.5972	3.199
498	-1.5947	3.2045
499	-1.602	3.199
500	-1.5975	3.2024
501	-1.5969	3.2028
502	-1.5931	3.2066
503	-1.5959	3.2106
504	-1.5934	3.2064
505	-1.5969	3.2011
506.01	-1.5964	3.2113
507.01	-1.601	3.2111
508.01	-1.5989	3.2084
509.01	-1.5927	3.2061
510.01	-1.5902	3.2139
511.01	-1.5982	3.2034
512.01	-1.5964	3.2101
513.01	-1.6001	3.2071
514.01	-1.5921	3.2036
515.01	-1.5986	3.209
515.98	-1.6027	3.2112
516.98	-1.6003	3.2126
517.98	-1.5903	3.2171
518.99	-1.5987	3.2061
519.99	-1.5969	3.2115
520.99	-1.5967	3.2131
521.99	-1.5997	3.2137
522.99	-1.597	3.2228
523.99	-1.5979	3.2131
524.99	-1.5958	3.2138
525.99	-1.5979	3.2127
526.99	-1.5984	3.2087
527.99	-1.6022	3.2101
529	-1.5986	3.2146
530	-1.5966	3.2135
531	-1.5971	3.2129
532	-1.5964	3.2112
533	-1.5995	3.2055
534	-1.5961	3.2128
535	-1.6012	3.2102
536	-1.6006	3.2071
537	-1.5949	3.2088
538	-1.5978	3.2045
539	-1.599	3.2061
540.01	-1.5974	3.2126
541.01	-1.5964	3.2125
542.01	-1.5986	3.204
543.01	-1.6003	3.2088
544.01	-1.5929	3.2046
545.01	-1.587	3.212
546.01	-1.5943	3.2071
547.01	-1.5971	3.2066
548.01	-1.5963	3.1987
549.01	-1.5912	3.2036
549.98	-1.6029	3.2129
550.98	-1.596	3.2089
551.99	-1.5943	3.2093
552.99	-1.596	3.2124
553.99	-1.5983	3.2103
554.99	-1.5933	3.2063
555.99	-1.5986	3.2022
556.99	-1.5963	3.2127
557.99	-1.5982	3.2181
558.99	-1.6004	3.2091
559.99	-1.5933	3.2157
560.99	-1.5974	3.2139
562	-1.5953	3.2142
563	-1.5938	3.2136
564	-1.601	3.2085
565	-1.6009	3.2104
566	-1.5967	3.2142
567	-1.5925	3.2167
568	-1.5964	3.214
569	-1.5932	3.2149
570	-1.5926	3.2148
571	-1.598	3.2144
572	-1.5965	3.2147
573.01	-1.5986	3.204
574.01	-1.5933	3.2165
575.01	-1.5939	3.2099
576.01	-1.5996	3.2066
577.01	-1.5966	3.2072
578.01	-1.5975	3.2109
579.01	-1.5956	3.208
580.01	-1.5992	3.2024
581.01	-1.5993	3.2028
582.01	-1.5994	3.2046
582.98	-1.5955	3.2034
583.98	-1.5916	3.2042
584.98	-1.5922	3.2056
585.99	-1.5995	3.205
586.99	-1.5965	3.211
587.99	-1.5967	3.2067
588.99	-1.5975	3.2136
589.99	-1.5961	3.2134
590.99	-1.5983	3.2138
591.99	-1.5962	3.2127
592.99	-1.5998	3.2087
593.99	-1.5923	3.2153
594.99	-1.5979	3.2156
596	-1.5985	3.2134
597	-1.5995	3.2092
598	-1.5951	3.2165
599	-1.5916	3.2155
