0	-3.6888	1.9567
1.001	-2.1677	3.5986
2.002	-1.2969	3.9833
3.003	0.22628	4.1307
4.004	1.7631	3.6519
5.005	2.497	3.124
6.006	2.5743	3.111
7.007	2.8848	2.7668
8.008	3.7053	1.183
9.009	3.7972	-0.26827
10.01	3.2708	-1.7961
11.011	2.4682	-2.7741
12.012	1.1505	-3.528
13.013	-0.028887	-3.7421
14.014	-1.1554	-3.6096
15.015	-2.7887	-2.7349
16.016	-3.4261	-1.9841
16.983	-3.898	-1.017
17.984	-4.08	0.47343
18.985	-3.786	1.7229
19.986	-3.3256	2.5324
20.987	-3.0185	2.9093
21.988	-1.9231	3.746
22.989	-1.0243	4.0662
23.99	0.44724	4.1137
24.991	0.80762	4.0456
25.992	1.5491	3.7805
26.993	2.8123	2.8298
27.994	3.0529	2.54
28.995	3.6882	1.2548
29.996	3.823	0.45312
30.997	3.6609	-0.91631
31.998	3.014	-2.1911
32.999	2.1226	-3.038
34	1.3366	-3.4555
35.001	0.24836	-3.7231
36.002	-1.2717	-3.58
37.003	-1.2986	-3.5548
38.004	-1.2868	-3.547
39.005	-1.2985	-3.5702
40.006	-1.3144	-3.5512
41.007	-1.3034	-3.5428
42.008	-1.3025	-3.5383
43.009	NaN	NaN
44.01	-1.3319	-3.5516
45.011	-1.5857	-3.4632
46.012	-2.5218	-2.9229
47.013	-3.4776	-1.9175
48.014	-3.6732	-1.5693
49.015	-4.0406	-0.48493
50.016	-4.0767	0.54641
50.984	-3.8153	1.6453
51.985	-3.0418	2.8887
52.986	-1.836	3.7748
53.987	-1.6697	3.8274
54.988	-0.70855	4.1103
55.989	0.77852	4.0473
56.99	1.1812	3.9245
57.991	1.1584	3.9482
58.992	1.1603	3.9483
59.993	1.1569	3.9492
60.994	1.1571	3.9506
61.995	1.151	3.9548
62.996	1.1666	3.9479
63.997	1.1548	3.9463
64.998	1.1527	3.9484
65.999	1.1559	3.9414
67	1.1537	3.9382
68.001	1.1468	3.942
69.002	1.1513	3.9436
70.003	1.1463	3.9467
71.004	1.1419	3.9445
72.005	1.2863	3.7225
73.006	1.2911	3.8937
74.007	1.2554	3.9212
75.008	1.5732	3.7844
76.009	1.738	3.6759
77.01	1.7455	3.6921
78.011	1.8693	3.6101
79.012	2.1411	3.4365
80.013	2.5858	3.0721
81.014	2.817	2.8323
82.015	2.9934	2.6154
83.016	3.0231	2.5681
83.983	3.0793	2.5151
84.984	3.2506	2.2561
85.985	3.5427	1.6686
86.986	3.8214	0.29216
87.987	3.753	-0.54882
88.988	3.0786	-2.0893
89.989	1.9202	-3.1575
90.99	0.13912	-3.7215
91.991	-1.5158	-3.4714
92.992	-2.157	-3.1694
93.993	-2.157	-3.1834
94.994	-2.2315	-3.1327
95.995	-2.6047	-2.8585
96.996	-2.7779	-2.7311
97.997	-2.9227	-2.5918
98.998	-3.3758	-2.0378
100	-3.5308	-1.8229
101	-3.6749	-1.5595
102	-3.8497	-1.1902
103	-3.947	-0.88669
104	-4.0432	-0.46155
105	-4.0866	0.31183
106.01	-3.9214	1.3187
107.01	-3.5699	2.138
108.01	-3.5297	2.2163
109.01	-3.5166	2.2699
110.01	-3.44	2.3688
111.01	-3.4716	2.3295
112.01	-3.4654	2.3332
113.01	-3.428	2.3735
114.01	-3.4145	2.4226
114.98	-2.442	1.3019
115.98	-2.46	1.328
116.98	-2.5578	1.3441
117.98	-2.8985	1.4395
118.98	-3.0698	1.4462
119.99	-2.9352	1.388
120.99	-2.919	1.4032
121.99	-2.9373	1.5467
122.99	-2.8501	1.5201
123.99	-2.9055	1.5173
124.99	-2.6968	1.4141
125.99	-2.7634	1.4338
126.99	-3.0071	1.4117
127.99	-3.8177	1.52
129	-3.9216	1.3456
130	-4.0724	0.57704
131	-4.0344	-0.3235
132	-3.8371	-1.2212
133	-3.4308	-2.0081
134	-3.0471	-2.488
135	-2.356	-3.0759
136	-1.2351	-3.5894
137	-0.02786	-3.7505
138	1.2551	-3.4888
139	2.4047	-2.8134
140.01	3.1634	-1.9734
141.01	3.1984	-1.9188
142.01	3.3958	-1.5491
143.01	3.6374	-0.95821
144.01	3.7225	-0.5985
145.01	3.8201	0.44132
146.01	3.4411	1.8941
147.01	2.96	2.6631
148.01	2.2043	3.393
149.01	1.5218	3.7813
149.98	0.23923	4.1456
150.98	0.0046692	4.1567
151.99	-1.6422	3.8579
152.99	-2.3286	3.501
153.99	-3.3177	2.5565
154.99	-3.9246	1.3019
155.99	-3.7759	0.16069
156.99	-1.9382	-0.83203
157.99	-0.69272	-1.243
158.99	0.41258	-0.12285
159.99	0.7647	0.69959
160.99	0.92072	2.5103
162	1.2832	3.8067
163	0.95668	3.9899
164	-0.10663	4.1466
165	-1.0397	4.0565
166	-1.7304	3.8142
167	-2.6827	3.2286
168	-2.9688	2.7956
169	-2.6132	2.9677
170	-1.7333	3.7093
171	-1.7396	3.6506
172	-0.60078	3.4202
173.01	-0.084845	3.5831
174.01	0.1056	3.714
175.01	0.33232	4.125
176.01	0.56245	4.098
177.01	1.2056	3.9145
178.01	1.8557	3.6222
179.01	2.8129	2.8452
180.01	3.4727	1.824
181.01	3.7983	0.65438
182.01	3.7772	-0.32805
182.98	3.6174	-1.0955
183.98	3.0911	-2.0851
184.98	2.0676	-3.0703
185.99	1.9332	-3.1728
186.99	1.9289	-3.1811
187.99	1.9154	-3.19
188.99	1.9165	-3.1927
189.99	1.9114	-3.1937
190.99	1.9236	-3.1941
191.99	1.9199	-3.1931
192.99	1.9199	-3.1935
193.99	1.9161	-3.1932
194.99	1.9196	-3.1895
196	1.9219	-3.1875
197	1.9177	-3.1863
198	1.9172	-3.1945
199	1.91	-3.1914
200	1.9064	-3.1718
201	1.8958	-3.1754
202	1.8977	-3.1703
203	1.8912	-3.1639
204	1.8797	-3.1645
205	1.8844	-3.165
206.01	1.8839	-3.1676
207.01	1.8821	-3.1587
208.01	1.5534	-3.2415
209.01	1.5026	-3.1654
210.01	1.5104	-3.1688
211.01	1.513	-3.1662
212.01	1.5078	-3.1673
213.01	1.4987	-3.1389
214.01	1.5009	-3.1464
215.01	1.5194	-3.1199
215.98	1.5147	-3.1021
216.98	1.5138	-3.1016
217.98	1.5209	-3.0681
218.99	1.6409	-3.1593
219.99	1.5921	-3.2655
220.99	1.4303	-3.425
221.99	0.96195	-3.5848
222.99	0.30534	-3.7219
223.99	-0.74429	-3.6895
224.99	-1.6399	-3.4466
225.99	-2.9501	-2.5788
226.99	-3.4949	-1.9089
227.99	-3.8461	-1.1793
229	-4.0433	-0.41615
230	-4.0778	0.46998
231	-3.9368	1.2868
232	-3.7317	1.8444
233	-3.2875	2.5689
234	-2.7797	3.148
235	-2.1572	3.6047
236	-1.2865	3.984
237	0.07841	4.153
238	0.95541	4.0046
239	2.2081	3.3885
240.01	2.5246	3.1286
241.01	3.0933	2.4881
242.01	3.7055	1.1723
243.01	3.8213	0.18676
244.01	3.6639	-0.89835
245.01	3.1113	-2.0454
246.01	2.1501	-3.002
247.01	1.2747	-3.4752
248.01	-0.022678	-3.7307
249.01	-0.096217	-3.7392
249.98	-0.052376	-3.7456
250.98	-0.054495	-3.7367
251.99	-0.048661	-3.7341
252.99	-0.021305	-3.7369
253.99	-0.010512	-3.734
254.99	-0.039879	-3.7073
255.99	-0.039745	-3.7095
256.99	-0.039745	-3.7095
257.99	-0.046766	-3.712
258.99	-0.040418	-3.7102
259.99	-0.015801	-3.7202
260.99	0.0022091	-3.7128
262	-0.0038593	-3.7094
263	0.003949	-3.7072
264	0.003306	-3.7025
265	-0.0023405	-3.7004
266	-0.0011843	-3.7041
267	-0.0052574	-3.7077
268	-0.011334	-3.7134
269	-0.0051527	-3.7109
270	-0.015991	-3.7198
271	0.00074662	-3.7404
272	0.013438	-3.7496
273.01	0.0059038	-3.7565
274.01	0.025872	-3.7463
275.01	0.01245	-3.7505
276.01	0.028512	-3.7464
277.01	0.024498	-3.749
278.01	0.023452	-3.749
279.01	0.024168	-3.7453
280.01	0.023854	-3.7478
281.01	0.023264	-3.7509
282.01	0.023729	-3.7528
282.98	0.024245	-3.7482
283.98	0.025001	-3.7446
284.98	0.02939	-3.7448
285.99	0.027585	-3.7409
286.99	0.030883	-3.7356
287.99	0.027481	-3.7395
288.99	0.025161	-3.7428
289.99	0.024168	-3.7453
290.99	0.036061	-3.7425
291.99	0.037828	-3.7351
292.99	0.034136	-3.7362
293.99	0.041533	-3.727
294.99	0.042894	-3.7253
296	0.051494	-3.7321
297	0.055132	-3.7449
298	0.064165	-3.7452
299	0.076911	-3.7361
300	0.079891	-3.7336
301	0.087361	-3.7286
302	0.076167	-3.7275
303	0.067806	-3.7381
304	0.070275	-3.7419
305	0.068842	-3.7503
306.01	0.058571	-3.7499
307.01	0.052924	-3.7468
308.01	0.051035	-3.7487
309.01	0.05329	-3.7488
310.01	0.051121	-3.7474
311.01	0.049232	-3.754
312.01	0.053512	-3.7573
313.01	0.043078	-3.7457
314.01	0.046731	-3.7559
315.01	0.024421	-3.7574
315.98	0.021208	-3.7598
316.98	0.015508	-3.7549
317.98	0.010278	-3.7551
318.99	0.010096	-3.7562
319.99	0.011047	-3.7619
320.99	0.0078758	-3.7582
321.99	0.014937	-3.7578
322.99	0.0078758	-3.7582
323.99	0.0078758	-3.7582
324.99	0.009231	-3.757
325.99	0.0087418	-3.7574
326.99	0.011424	-3.7608
327.99	0.010588	-3.7615
329	0.0096835	-3.7615
330	0.0087418	-3.7574
331	0.015002	-3.7552
332	0.0081555	-3.7494
333	0.015002	-3.7552
334	0.010096	-3.7562
335	0.009231	-3.757
336	0.010786	-3.7555
337	0.0073374	-3.7516
338	0.0087418	-3.7574
339	0.016725	-3.759
340.01	0.010096	-3.7562
341.01	0.013308	-3.7575
342.01	0.0096925	-3.7616
343.01	0.015615	-3.7607
344.01	0.0083656	-3.7578
345.01	0.013635	-3.7564
346.01	0.0096002	-3.7602
347.01	0.015646	-3.7613
348.01	0.0075049	-3.7619
349.01	0.016961	-3.7567
349.98	0.015002	-3.7552
350.98	0.015946	-3.7545
351.99	0.011222	-3.763
352.99	0.014079	-3.7568
353.99	0.0087418	-3.7574
354.99	0.014764	-3.7479
355.99	0.014127	-3.756
356.99	0.010087	-3.7555
357.99	0.016081	-3.756
358.99	0.010096	-3.7562
359.99	0.009231	-3.7578
360.99	0.013635	-3.7564
362	0.015002	-3.7552
363	0.011678	-3.7518
364	0.010193	-3.7563
365	0.018494	-3.7575
366	0.010786	-3.7555
367	0.0087418	-3.7574
368	0.0083656	-3.7578
369	0.009231	-3.757
370	0.015002	-3.7552
371	0.010786	-3.7555
372	0.011592	-3.7566
373.01	0.010096	-3.7562
374.01	0.010096	-3.7562
375.01	0.01572	-3.7551
376.01	0.012898	-3.7503
377.01	0.0087418	-3.7574
378.01	0.013436	-3.7595
379.01	0.020017	-3.7572
380.01	0.010096	-3.7562
381.01	0.01081	-3.7582
382.01	0.015508	-3.7549
382.98	0.0091552	-3.7514
383.98	0.010511	-3.7608
384.98	0.0083656	-3.7578
385.99	0.0087418	-3.7574
386.99	0.0076763	-3.7555
387.99	0.0065107	-3.7497
388.99	0.0043776	-3.7451
389.99	0.0074813	-3.7453
390.99	0.0063807	-3.7374
391.99	-0.000724	-3.7262
392.99	0.0051856	-3.7262
393.99	0.006504	-3.7269
394.99	0.0056361	-3.7293
396	0.0057059	-3.7293
397	-0.0085648	-3.722
398	0.0082316	-3.7207
399	0.017981	-3.7381
400	0.011935	-3.7349
401	0.0079971	-3.7304
402	-0.0010734	-3.7151
403	0.011912	-3.7175
404	0.0071363	-3.7277
405	-0.0014255	-3.7189
406.01	0.0043643	-3.7143
407.01	-0.011008	-3.7139
408.01	-0.009955	-3.7136
409.01	-0.014009	-3.7314
410.01	-0.027612	-3.7267
411.01	-0.026283	-3.7132
412.01	-0.037411	-3.7381
413.01	-0.029678	-3.7374
414.01	-0.030145	-3.7316
415.01	-0.027872	-3.7316
415.98	-0.020132	-3.7404
416.98	-0.025847	-3.7569
417.98	-0.027802	-3.7471
418.99	-0.028696	-3.7402
419.99	-0.021194	-3.7413
420.99	-0.025792	-3.7617
421.99	-0.021151	-3.765
422.99	-0.019846	-3.7618
423.99	-0.01346	-3.7594
424.99	-0.040857	-3.7547
425.99	-0.030505	-3.7599
426.99	-0.054002	-3.756
427.99	-0.072199	-3.765
429	-0.064776	-3.7632
430	-0.065893	-3.7657
431	-0.065821	-3.7689
432	-0.065316	-3.7717
433	-0.065473	-3.7739
434	-0.068463	-3.7545
435	-0.069468	-3.7564
436	-0.071834	-3.7611
437	-0.066621	-3.7647
438	-0.06772	-3.7662
439	-0.065898	-3.7664
440.01	-0.069421	-3.7636
441.01	-0.069313	-3.7618
442.01	-0.068746	-3.7629
443.01	-0.070451	-3.7625
444.01	-0.066091	-3.7634
445.01	-0.068419	-3.7633
446.01	-0.071293	-3.7637
447.01	-0.074731	-3.7656
448.01	-0.06772	-3.7639
449.01	-0.067314	-3.7662
449.98	-0.0678	-3.7664
450.98	-0.06439	-3.7631
451.99	-0.072716	-3.7633
452.99	-0.066852	-3.7664
453.99	-0.066649	-3.7546
454.99	-0.068661	-3.7609
455.99	-0.072261	-3.7636
456.99	-0.066274	-3.763
457.99	-0.072309	-3.7662
458.99	-0.067562	-3.7641
459.99	-0.072054	-3.7646
460.99	-0.06579	-3.7663
462	-0.06656	-3.7628
463	-0.064864	-3.763
464	-0.071053	-3.7628
465	-0.066611	-3.7626
466	-0.069213	-3.7668
467	-0.06832	-3.7658
468	-0.066176	-3.7608
469	-0.067301	-3.7642
470	-0.068407	-3.7496
471	-0.068737	-3.761
472	-0.066722	-3.7608
473.01	-0.066142	-3.7602
474.01	-0.075574	-3.7639
475.01	-0.06764	-3.7632
476.01	-0.067856	-3.7641
477.01	-0.071737	-3.7553
478.01	-0.069104	-3.7617
479.01	-0.068087	-3.7554
480.01	-0.067324	-3.761
481.01	-0.064631	-3.7608
482.01	-0.072086	-3.7609
482.98	-0.067089	-3.7593
483.98	-0.068861	-3.7604
484.98	-0.069701	-3.7599
485.99	-0.067247	-3.7627
486.99	-0.066463	-3.76
487.99	-0.068513	-3.7636
488.99	-0.06742	-3.7595
489.99	-0.073621	-3.7689
490.99	-0.067013	-3.764
491.99	-0.065339	-3.7634
492.99	-0.07225	-3.7556
493.99	-0.066349	-3.7553
494.99	-0.067747	-3.7506
496	-0.067694	-3.7647
497	-0.071187	-3.7615
498	-0.067979	-3.7662
499	-0.074483	-3.7646
500	-0.071887	-3.764
501	-0.066294	-3.7651
502	-0.070351	-3.7558
503	-0.074513	-3.7514
504	-0.068771	-3.7545
505	-0.067354	-3.7547
506.01	-0.066722	-3.7594
507.01	-0.069308	-3.7501
508.01	-0.066965	-3.758
509.01	-0.068087	-3.7554
510.01	-0.073428	-3.7608
511.01	-0.075935	-3.7648
512.01	-0.075712	-3.7571
513.01	-0.073937	-3.7557
514.01	-0.068792	-3.756
515.01	-0.074328	-3.7561
515.98	-0.066501	-3.7605
516.98	-0.073678	-3.7646
517.98	-0.074256	-3.7659
518.99	-0.074348	-3.7574
519.99	-0.066582	-3.7601
520.99	-0.06897	-3.7548
521.99	-0.07337	-3.7519
522.99	-0.0716	-3.7607
523.99	-0.071834	-3.7622
524.99	-0.073591	-3.7608
525.99	-0.072862	-3.7576
526.99	-0.075938	-3.7588
527.99	-0.068885	-3.7549
529	-0.068372	-3.7495
530	-0.071249	-3.7562
531	-0.072611	-3.7596
532	-0.073099	-3.7645
533	-0.072767	-3.7616
534	-0.067928	-3.7634
535	-0.067092	-3.7597
536	-0.074731	-3.7617
537	-0.075073	-3.7642
538	-0.068885	-3.7549
539	-0.073117	-3.7563
540.01	-0.073848	-3.7558
541.01	-0.069437	-3.7518
542.01	-0.072707	-3.7547
543.01	-0.073086	-3.7599
544.01	-0.073432	-3.7554
545.01	-0.070812	-3.7491
546.01	-0.070616	-3.7629
547.01	-0.07175	-3.7634
548.01	-0.072969	-3.7563
549.01	-0.073482	-3.7615
549.98	-0.067966	-3.7505
550.98	-0.073342	-3.7567
551.99	-0.072351	-3.763
552.99	-0.072969	-3.7563
553.99	-0.072288	-3.7613
554.99	-0.06897	-3.7548
555.99	-0.068209	-3.7614
556.99	-0.069816	-3.7619
557.99	-0.068098	-3.7534
558.99	-0.068304	-3.7618
559.99	-0.070351	-3.7558
560.99	-0.074672	-3.7651
562	-0.075929	-3.7549
563	-0.074744	-3.7565
564	-0.070466	-3.7504
565	-0.075228	-3.7491
566	-0.070784	-3.7514
567	-0.06951	-3.7617
568	-0.074271	-3.7615
569	-0.076804	-3.7655
570	-0.072421	-3.7608
571	-0.075712	-3.7571
572	-0.072209	-3.7547
573.01	-0.072703	-3.755
574.01	-0.074309	-3.7646
575.01	-0.075597	-3.7551
576.01	-0.074771	-3.7636
577.01	-0.068903	-3.7612
578.01	-0.076925	-3.7506
579.01	-0.076304	-3.7514
580.01	-0.069605	-3.7569
581.01	-0.077207	-3.7553
582.01	-0.075111	-3.7641
582.98	-0.073428	-3.7608
583.98	-0.07189	-3.7524
584.98	-0.075839	-3.755
585.99	-0.076716	-3.7549
586.99	-0.06965	-3.7636
587.99	-0.077007	-3.7637
588.99	-0.069882	-3.7638
589.99	-0.068903	-3.7612
590.99	-0.073591	-3.7608
591.99	-0.069783	-3.7554
592.99	-0.074328	-3.7561
593.99	-0.076542	-3.7605
594.99	-0.071263	-3.7597
596	-0.073479	-3.7596
597	-0.072747	-3.7601
598	-0.073432	-3.7554
599	-0.07443	-3.7629
