0	-2.3699	3.2298
1.001	-3.2203	2.5514
2.002	-4.0709	1.2715
3.003	-4.3765	-0.50641
4.004	-4.1822	-1.583
5.005	-3.2619	-3.1286
6.006	-1.7091	-4.1552
7.007	0.12568	-4.3872
8.008	1.9788	-3.6884
9.009	3.2376	-2.3006
10.01	3.7366	-0.67888
11.011	3.537	1.0148
12.012	2.3109	2.8369
13.013	0.12177	3.7918
14.014	-1.6507	3.5907
15.015	-3.0804	2.7268
16.016	-4.0146	1.3959
16.983	-4.3291	0.13336
17.984	-4.3665	-0.70668
18.985	-3.9657	-2.1118
19.986	-2.9319	-3.4194
20.987	-1.7583	-4.109
21.988	-0.79314	-4.3384
22.989	1.1683	-4.092
23.99	2.5243	-3.2321
24.991	3.2062	-2.3944
25.992	3.546	-1.5488
26.993	3.7071	-0.87872
27.994	3.7042	0.37775
28.995	3.1041	1.9481
29.996	2.1113	3.0006
30.997	0.72037	3.6534
31.998	0.0014122	3.7474
32.999	-0.83885	3.754
34	-1.4408	3.0563
35.001	-1.99	1.8183
36.002	-1.8795	0.32311
37.003	-1.7661	-1.3212
38.004	-1.5609	-2.7484
39.005	-1.199	-4.1611
40.006	-1.2262	-4.1817
41.007	-1.222	-4.021
42.008	-1.0605	-3.8238
43.009	-0.96216	-3.6917
44.01	-0.94676	-3.6701
45.011	-0.95642	-3.6786
46.012	-0.94699	-3.6711
47.013	-0.95718	-3.6779
48.014	-0.95653	-3.6691
49.015	-0.94828	-3.66
50.016	-0.95377	-3.6722
50.984	-0.95312	-3.7009
51.985	-0.96358	-3.7089
52.986	-0.94195	-3.598
53.987	-0.85881	-2.9645
54.988	-0.5442	-1.7208
55.989	0.080872	-0.50133
56.99	0.71344	-0.35989
57.991	0.72827	-0.34596
58.992	0.73561	-0.35299
59.993	0.74574	-0.34514
60.994	0.7358	-0.35353
61.995	0.74527	-0.34405
62.996	0.73979	-0.33849
63.997	0.72827	-0.32685
64.998	0.72688	-0.31637
65.999	0.735	-0.31546
67	0.72589	-0.32469
68.001	0.7269	-0.32569
69.002	0.72745	-0.32689
70.003	0.71277	-0.35914
71.004	0.72808	-0.34542
72.005	0.72868	-0.34703
73.006	0.72785	-0.35529
74.007	0.72839	-0.35498
75.008	0.72718	-0.35434
76.009	0.73784	-0.34636
77.01	0.72868	-0.32792
78.011	0.72849	-0.32632
79.012	0.72584	-0.33397
80.013	0.70681	-0.33421
81.014	0.70925	-0.33688
82.015	0.73004	-0.34812
83.016	0.72704	-0.35479
83.983	0.7541	-0.34331
84.984	0.74624	-0.34519
85.985	0.74272	-0.34163
86.986	0.73363	-0.34186
87.987	0.7384	-0.32807
88.988	0.7283	-0.32653
89.989	0.7283	-0.32653
90.99	0.72561	-0.31499
91.991	0.71689	-0.32522
92.992	0.71726	-0.34494
93.993	0.7246	-0.35214
94.994	0.72676	-0.35357
95.995	0.72606	-0.35332
96.996	0.73687	-0.34587
97.997	0.73596	-0.34382
98.998	0.73188	-0.34002
100	0.71689	-0.3247
101	0.7095	-0.31799
102	0.69743	-0.325
103	0.71751	-0.32606
104	0.70813	-0.35398
105.01	0.71628	-0.34343
106.01	0.71452	-0.34186
107.01	0.71929	-0.32807
108.01	0.71534	-0.28692
109.01	0.69323	-0.27395
110.01	0.72373	-0.26658
111.01	0.75837	-0.18565
112.01	1.0698	-0.15289
113.01	1.0707	-0.15438
114.01	1.0726	-0.17251
114.98	1.0714	-0.15337
115.98	1.0714	-0.14237
116.98	1.0705	-0.15328
117.98	1.3388	-0.52403
118.99	1.9489	-1.1567
119.99	2.3682	-3.0409
120.99	1.3657	-3.3057
121.99	2.1023	-3.5643
122.99	2.2647	-3.4592
123.99	2.3973	-3.3337
124.99	2.9244	-2.7432
125.99	3.679	-1.0416
126.99	3.5167	1.0901
127.99	2.5323	2.6183
129	1.6268	3.2707
130	1.5089	3.344
131	1.0798	3.5452
132	-0.25801	3.7746
133	-1.024	3.7278
134	-1.6712	3.5532
135	-2.7596	2.9697
136	-3.6204	2.0915
137	-4.2995	0.57317
138	-4.3506	-0.73706
139.01	-3.9801	-2.0711
140.01	-3.0175	-3.3616
141.01	-1.3611	-4.2659
142.01	NaN	NaN
143.01	-0.047779	-4.367
144.01	0.65451	-4.2676
145.01	2.1726	-3.5089
146.01	3.0086	-2.6166
147.01	3.6608	-1.1288
148.01	3.6785	0.44017
149.01	3.5752	0.88078
149.98	3.0367	1.9962
150.98	1.8307	3.1689
151.99	1.2779	3.4766
152.99	0.91736	3.6026
153.99	-0.36271	3.7748
154.99	-1.4337	3.6333
155.99	-1.8149	3.4595
156.99	-2.1492	3.1529
157.99	-2.4123	2.9761
158.99	-2.3876	2.9802
159.99	-2.3874	3.0188
160.99	-2.3875	3.0192
162	-2.3873	3.0097
163	-2.3892	3.0022
164	-2.3892	3.0015
165	-2.3894	3.0025
166	-2.3815	3.0133
167	-2.388	2.9999
168	-2.3794	3.0101
169	-2.3869	2.9998
170	-2.3886	3.0203
171	-2.3967	3.0184
172.01	-2.3898	3.0308
173.01	-2.382	3.0415
174.01	-2.3901	3.0299
175.01	-2.3997	3.0025
176.01	-2.4014	3.0045
177.01	-2.4075	3.0189
178.01	-2.4014	3.0237
179.01	-2.4115	3.0046
180.01	-2.4077	3.0203
181.01	-2.4183	3.0302
182.01	-2.4082	3.0391
182.98	-2.3972	3.009
183.98	-2.4586	2.9277
184.98	-2.4441	2.9842
185.99	-2.4374	2.9625
186.99	-2.4546	2.9735
187.99	-2.4458	2.973
188.99	-2.4464	2.9633
189.99	-2.4464	2.9633
190.99	-2.4466	2.963
191.99	-2.4475	2.9616
192.99	-2.446	2.944
193.99	-2.4422	2.9293
194.99	-2.4414	2.9304
196	-2.4536	2.9841
197	-2.4538	2.9838
198	-2.446	2.9831
199	-2.4444	2.9659
200	-2.4536	2.965
201	-2.4536	2.965
202	-2.4483	2.961
203	-2.4547	2.9636
204	-2.456	2.9811
205.01	-2.4536	2.9841
206.01	-2.4549	3.0016
207.01	-2.4539	3.0032
208.01	-2.4551	3.0018
209.01	-2.4549	3.0022
210.01	-2.4527	2.9853
211.01	-2.4476	2.9622
212.01	-2.4462	2.9633
213.01	-2.4472	2.9615
214.01	-2.4631	2.9651
215.01	-2.4318	2.9483
215.98	-2.4471	2.9436
216.98	-2.4482	2.9598
217.98	-2.4253	2.9358
218.99	-2.235	2.7413
219.99	-2.1986	2.8274
220.99	-2.2485	2.9973
221.99	-2.3692	3.2102
222.99	-2.6182	3.0675
223.99	-3.4298	2.3209
224.99	-4.0017	1.4316
225.99	-4.3448	0.2708
226.99	-4.2596	-1.2967
227.99	-3.8594	-2.2922
229	-2.8581	-3.4797
230	-2.2233	-3.9055
231	-1.5097	-4.1845
232	-0.24803	-4.3864
233	0.48268	-4.3036
234	1.8351	-3.7748
235	2.8561	-2.8645
236	3.2958	-2.1971
237	3.5472	-1.5214
238	3.7086	-0.78507
239.01	3.7293	0.058513
240.01	3.4048	1.34
241.01	2.8331	2.2605
242.01	1.8834	3.1259
243.01	1.2519	3.4592
244.01	0.80337	3.6122
245.01	-0.095559	3.7555
246.01	-1.071	3.7081
247.01	-1.8253	3.4778
248.01	-2.8811	2.8813
249.01	-3.5704	2.1562
249.98	-4.1358	1.0869
250.98	-4.3869	-0.34521
251.99	-4.2147	-1.4892
252.99	-3.6409	-2.676
253.99	-2.7724	-3.5466
254.99	-2.6025	-3.6637
255.99	-1.6054	-4.1759
256.99	-1.5592	-4.2025
257.99	-0.43055	-3.8888
258.99	-0.13485	-2.362
259.99	-1.7104	-1.6355
260.99	-3.5525	-1.3771
262	-3.7332	-2.1083
263	-1.7417	-3.5755
264	0.36312	-4.0421
265	0.67764	-2.1967
266	0.10314	-0.26126
267	-1.7895	-0.078147
268	-3.7241	0.96638
269	-4.024	0.97399
270	-3.8599	1.2887
271	-2.3097	2.2425
272.01	-1.0678	1.8847
273.01	0.9135	0.89561
274.01	2.9753	0.074295
275.01	3.6882	0.095333
276.01	3.4791	-0.65092
277.01	2.4385	-1.7812
278.01	0.23158	-2.8685
279.01	-1.9108	-3.5646
280.01	-2.771	-3.2857
281.01	-3.3272	-2.5341
282.01	-3.8319	-1.29
282.98	-4.1281	-0.36312
283.98	-3.4029	1.1951
284.98	-1.8733	2.8001
285.99	-1.4598	3.4856
286.99	-0.88513	3.3426
287.99	0.36279	3.3846
288.99	0.42055	3.1066
289.99	1.3574	1.4629
290.99	3.0948	0.49628
291.99	3.7077	0.2477
292.99	3.7557	0.056918
293.99	3.7543	-0.61994
294.99	3.6127	-1.3765
296	3.057	-2.561
297	2.6715	-3.0544
298	2.2262	-3.4595
299	1.4126	-3.9849
300	0.92734	-4.1762
301	0.92408	-4.1909
302	0.92692	-4.1855
303	0.78615	-4.1267
304	0.74369	-4.0728
305.01	0.7849	-4.0895
306.01	0.79179	-4.092
307.01	0.77631	-4.0885
308.01	0.7775	-4.0972
309.01	0.89825	-4.2134
310.01	0.5997	-4.3166
311.01	0.075277	-4.4043
312.01	-0.34281	-4.406
313.01	-1.1169	-4.3184
314.01	-1.812	-4.1057
315.01	-2.246	-3.8794
315.98	-2.9248	-3.4404
316.98	-3.5437	-2.8077
317.98	-3.9525	-2.1556
318.99	-4.0502	-1.9291
319.99	-4.2596	-1.2786
320.99	-4.3673	-0.55466
321.99	-4.367	-0.15289
322.99	-4.3302	0.28853
323.99	-4.0728	1.254
324.99	-3.6567	2.0399
325.99	-3.1783	2.5953
326.99	-2.5956	3.0585
327.99	-2.158	3.3235
329	-1.9833	3.4353
330	-1.0884	3.7446
331	-0.24845	3.8128
332	0.50646	3.7363
333	1.2493	3.4764
334	1.3091	3.4393
335	1.3321	3.4352
336	1.3999	3.4257
337	1.4238	3.3923
338	1.3799	3.4441
339.01	1.3835	3.4477
340.01	1.3915	3.4366
341.01	1.3924	3.4285
342.01	1.3933	3.4192
343.01	1.3824	3.4174
344.01	1.4245	3.4029
345.01	1.4121	3.3805
346.01	1.4229	3.3912
347.01	1.4343	3.3934
348.01	1.4809	3.392
349.01	1.4555	3.3952
349.98	1.4327	3.3722
350.98	1.4617	3.3727
351.99	1.4647	3.3759
352.99	1.4429	3.3923
353.99	1.463	3.3933
354.99	1.4501	3.4079
355.99	1.4523	3.4112
356.99	1.4574	3.4237
357.99	1.4844	3.3772
358.99	1.4803	3.3714
359.99	1.4889	3.3714
360.99	1.5014	3.3359
362	1.5091	3.3339
363	1.4911	3.3353
364	1.5194	3.335
365	1.5084	3.3627
366	1.5476	3.3728
367	1.4229	3.4391
368	1.441	3.4377
369	1.5472	3.3628
370	1.6825	3.2871
371	1.6549	3.3072
372.01	1.6466	3.3171
373.01	1.647	3.3177
374.01	1.5729	3.3669
375.01	1.5827	3.3669
376.01	1.5468	3.3979
377.01	1.543	3.3915
378.01	1.5424	3.3911
379.01	1.5347	3.3935
380.01	1.5495	3.3863
381.01	1.5246	3.3932
382.01	1.5358	3.3793
382.98	1.5286	3.4016
383.98	1.5387	3.3972
384.98	1.5302	3.4
385.99	1.5171	3.3961
386.99	1.517	3.3958
387.99	1.4982	3.3974
388.99	1.5098	3.3732
389.99	1.5088	3.3911
390.99	1.5129	3.3976
391.99	1.5129	3.3976
392.99	1.5033	3.4071
393.99	1.5069	3.4017
394.99	1.5069	3.3956
396	1.5044	3.3929
397	1.5168	3.3708
398	1.5166	3.37
399	1.518	3.3716
400	1.5129	3.3881
401	1.5148	3.3902
402	1.5107	3.405
403	1.5052	3.3999
404	1.5135	3.3925
405.01	1.5055	3.3939
406.01	1.5053	3.3935
407.01	1.5184	3.3627
408.01	1.5101	3.3735
409.01	1.5101	3.3735
410.01	1.5362	3.3702
411.01	1.5202	3.4041
412.01	1.5254	3.3937
413.01	1.53	3.3881
414.01	1.5053	3.3944
415.01	1.5011	3.3835
415.98	1.4911	3.3925
416.98	1.5091	3.3913
417.98	1.5049	3.4033
418.99	1.5146	3.4032
419.99	1.5317	3.4
420.99	1.5122	3.4111
421.99	1.5342	3.3923
422.99	1.5297	3.3741
423.99	1.5287	3.3729
424.99	1.5368	3.3715
425.99	1.5198	3.382
426.99	1.5188	3.3914
427.99	1.5227	3.4006
429	1.5207	3.4089
430	1.5207	3.4089
431	1.5122	3.4111
432	1.5126	3.4103
433	1.5368	3.3715
434	1.5106	3.3922
435	1.5184	3.3912
436	1.527	3.3899
437	1.5122	3.4111
438	1.5122	3.4111
439.01	1.5116	3.4106
440.01	1.5126	3.4103
441.01	1.5126	3.4103
442.01	1.5304	3.3746
443.01	1.528	3.3725
444.01	1.5178	3.3903
445.01	1.5184	3.3912
446.01	1.527	3.3899
447.01	1.5353	3.3887
448.01	1.5207	3.4089
449.01	1.5129	3.4098
449.98	1.5287	3.3729
450.98	1.5296	3.3736
451.99	1.538	3.3726
452.99	1.5175	3.39
453.99	1.5366	3.3896
454.99	1.5227	3.4006
455.99	1.5227	3.4006
456.99	1.5207	3.4089
457.99	1.5207	3.4089
458.99	1.5246	3.3927
459.99	1.5376	3.372
460.99	1.5287	3.3729
462	1.5267	3.3801
463	1.5271	3.3808
464	1.526	3.389
465	1.535	3.3884
466	1.535	3.3884
467	1.5305	3.3997
468	1.5216	3.4097
469	1.5216	3.4097
470	1.5389	3.3734
471	1.5474	3.3722
472.01	1.5362	3.379
473.01	1.5455	3.3705
474.01	1.5368	3.3715
475.01	1.5368	3.3715
476.01	1.5368	3.3715
477.01	1.5379	3.3637
478.01	1.5397	3.3651
479.01	1.5295	3.3737
480.01	1.527	3.3899
481.01	1.535	3.3884
482.01	1.5305	3.3987
482.98	1.537	3.3716
483.98	1.5368	3.3715
484.98	1.538	3.3726
485.99	1.5375	3.3721
486.99	1.5367	3.3717
487.99	1.527	3.3899
488.99	1.5227	3.4006
489.99	1.5207	3.4089
490.99	1.5231	3.4013
491.99	1.5207	3.4089
492.99	1.5251	3.3936
493.99	1.5372	3.3718
494.99	1.5362	3.379
496	1.5368	3.3715
497	1.5368	3.3715
498	1.5368	3.3715
499	1.5385	3.3642
500	1.5277	3.3809
501	1.5187	3.3912
502	1.5354	3.3886
503	1.5305	3.3987
504	1.5292	3.4079
505.01	1.5129	3.4107
506.01	1.5138	3.4116
507.01	1.5333	3.3892
508.01	1.5455	3.3705
509.01	1.5289	3.3732
510.01	1.5375	3.3721
511.01	1.5362	3.379
512.01	1.5371	3.3812
513.01	1.5384	3.3728
514.01	1.5283	3.3727
515.01	1.548	3.3541
515.98	1.5466	3.3716
516.98	1.5461	3.3708
517.98	1.5779	3.346
518.99	1.5958	3.3159
519.99	1.5867	3.3162
520.99	1.587	3.2967
521.99	1.6975	3.2823
522.99	1.7871	3.2297
523.99	1.8934	3.1636
524.99	2.0129	3.1019
525.99	2.3489	2.8267
526.99	2.8061	2.3471
527.99	3.1005	1.9445
529	3.4063	1.342
530	3.6582	0.57181
531	3.7502	-0.024755
532	3.7547	-0.47659
533	3.6557	-1.2189
534	3.2615	-2.2201
535	2.8264	-2.8742
536	1.8143	-3.7639
537	1.3476	-4.0045
538	0.41435	-4.3028
539.01	-0.42004	-4.3859
540.01	-1.1652	-4.2996
541.01	-1.111	-3.7673
542.01	-1.2397	-2.3871
543.01	-2.4559	-2.2839
544.01	-1.5863	-3.688
545.01	-0.83345	-3.7918
546.01	0.97537	-2.2174
547.01	1.6992	-0.17355
548.01	0.3367	1.4455
549.01	-1.7706	2.1941
549.98	-3.2465	2.3955
550.98	-3.7656	1.3757
551.99	-3.821	1.0881
552.99	-3.9089	1.1551
553.99	-3.8792	1.5473
554.99	-2.2848	1.5488
555.99	0.017906	1.4339
556.99	1.3265	1.1838
557.99	2.1403	2.4743
558.99	2.3805	2.6829
559.99	2.3809	2.6833
560.99	2.4101	2.6353
562	2.4559	2.5705
563	2.5419	2.4941
564	2.5308	2.5123
565	2.9505	1.9767
566	3.3218	-0.061511
567	3.258	-2.1211
568	3.0654	-2.5023
569	2.861	-2.4108
570	1.289	-2.0349
571	-0.95482	-1.5188
572.01	-3.1219	-1.1357
573.01	-4.1912	-1.3827
574.01	-4.0985	-1.2988
575.01	-4.0011	-0.0931
576.01	-3.324	2.0433
577.01	-2.8369	2.9133
578.01	-2.5126	3.1443
579.01	-2.1782	3.3346
580.01	-2.1771	3.3251
581.01	-1.7197	3.5198
582.01	-1.3923	3.6482
582.98	-0.66891	3.7751
583.98	0.13336	3.7748
584.98	0.43001	3.7363
585.99	0.91596	3.5922
586.99	1.5388	3.3444
587.99	2.2421	2.901
588.99	2.7433	2.39
589.99	3.2541	1.7156
590.99	3.5243	1.0974
591.99	3.5088	1.0913
592.99	3.5185	1.0438
593.99	3.5347	1.013
594.99	3.5521	0.98087
596	3.6479	0.72357
597	3.7371	0.15409
598	3.7363	-0.76447
599	3.4955	-1.7563
