0	-0.89784	-4.3674
1.001	-0.69095	-4.3354
2.002	0.15244	-4.319
3.003	1.1412	-4.054
4.004	2.2034	-3.4072
5.005	2.9972	-2.5777
6.006	3.5558	-1.1105
7.007	3.5804	0.79785
8.008	3.0097	1.6228
9.009	2.1877	2.9032
10.01	0.99628	3.5376
11.011	-0.44752	3.7443
12.012	-1.9424	3.3771
13.013	-2.9609	2.4451
14.014	-3.5567	2.0761
15.015	-4.2604	0.52491
16.016	-4.203	-1.298
16.983	-3.5837	-2.3988
17.984	-2.0545	-3.5643
18.985	-0.74683	-4.2156
19.986	0.23264	-4.0641
20.987	1.6084	-3.8345
21.988	2.3783	-3.2856
22.989	2.9492	-2.5488
23.99	3.1048	-1.5289
24.991	3.7287	-0.46089
25.992	3.2961	0.70528
26.993	2.4493	2.047
27.994	1.4836	2.8117
28.995	0.12356	3.4756
29.996	-1.1089	3.6888
30.997	-1.7574	3.3539
31.998	-2.7291	2.176
32.999	-3.5914	0.71627
34	-4.1991	-0.93215
35.001	-3.8983	-2.066
36.002	-2.7999	-2.5323
37.003	-1.3455	-3.4761
38.004	0.51602	-4.0039
39.005	1.7954	-3.67
40.006	2.7983	-2.8942
41.007	2.5729	-2.1721
42.008	1.6997	-1.3963
43.009	0.50922	-1.2592
44.01	-1.0631	-0.97725
45.011	-2.2596	0.16667
46.012	-2.3985	0.3428
47.013	-2.3881	0.31544
48.014	-2.9725	0.96378
49.015	-3.4766	2.2185
50.016	-2.9984	2.808
50.984	-1.8787	3.4456
51.985	-0.64477	3.7305
52.986	0.094415	3.6496
53.987	1.3813	3.4169
54.988	2.2373	2.8298
55.989	3.1613	1.5472
56.99	3.4967	1.2312
57.991	3.4782	1.11
58.992	2.7892	0.5168
59.993	1.0404	0.39109
60.994	-0.67601	-0.011387
61.995	-2.5514	-0.44913
62.996	-4.1667	-1.1846
63.997	-3.9343	-1.8218
64.998	-3.4217	-2.3893
65.999	-2.1383	-3.5134
67	-0.7259	-4.3092
68.001	0.75193	-3.8495
69.002	2.465	-3.1246
70.003	2.8756	-2.331
71.004	2.9233	-1.4311
72.005	2.984	-0.1173
73.006	2.2936	0.99347
74.007	1.2321	1.6718
75.008	-0.093679	2.1129
76.009	-1.5041	3.0346
77.01	-2.2585	3.2532
78.011	-2.6653	2.7333
79.012	-2.672	2.7485
80.013	-2.6761	2.7339
81.014	-2.6822	2.7312
82.015	-3.1709	2.6125
83.016	-3.6346	2.01
83.983	-3.8261	0.76789
84.984	-4.1203	-0.89656
85.985	-3.6879	-2.369
86.986	-2.6571	-3.5165
87.987	-1.3008	-3.7946
88.988	0.34332	-4.2352
89.989	1.6198	-3.8371
90.99	2.6183	-3.1057
91.991	3.0885	-2.4084
92.992	3.6146	-1.3791
93.993	3.5011	-0.48167
94.994	3.1179	0.60391
95.995	3.0871	1.0114
96.996	2.8745	2.2048
97.997	2.0816	2.9319
98.998	1.2848	3.3669
100	0.29025	3.6631
101	-0.15184	3.8116
102	-0.29623	3.7937
103	-0.54124	3.7869
104	-0.84092	3.7746
105.01	-1.3617	3.6849
106.01	-1.8379	3.4816
107.01	-2.4409	3.2248
108.01	-2.7195	3.0142
109.01	-3.1007	2.7191
110.01	-3.5859	2.1521
111.01	-4.1153	1.1626
112.01	-4.269	0.61821
113.01	-4.3679	-0.0083772
114.01	-4.3665	-0.71497
114.98	-4.2417	-1.394
115.98	-3.9939	-2.0347
116.98	-3.6721	-2.6306
117.98	-2.9692	-3.4181
118.99	-2.4719	-3.7717
119.99	-1.604	-4.2026
120.99	-0.623	-4.3874
121.99	0.38926	-4.3367
122.99	1.3549	-4.0211
123.99	2.1383	-3.5527
124.99	2.5482	-3.1884
125.99	3.0484	-2.5998
126.99	3.4184	-1.9755
127.99	3.4271	-1.9646
129	3.4203	-1.9493
130	3.4191	-1.9475
131	3.416	-1.944
132	3.4092	-1.9469
133	3.4157	-1.9437
134	3.4165	-1.9445
135	3.4111	-1.9393
136	3.4183	-1.9568
137	3.4185	-1.9662
138	3.4165	-1.9639
139.01	3.4176	-1.9647
140.01	3.418	-1.9755
141.01	3.4125	-1.9686
142.01	3.4099	-1.9479
143.01	3.4175	-1.9359
144.01	3.4195	-1.929
145.01	3.4098	-1.9668
146.01	3.4168	-1.964
147.01	3.4193	-1.967
148.01	3.4103	-1.9673
149.01	3.4193	-1.967
149.98	3.4181	-1.9461
150.98	3.4181	-1.9461
151.99	3.417	-1.9452
152.99	3.4165	-1.9445
153.99	3.4165	-1.9445
154.99	3.4186	-1.9375
155.99	3.4163	-1.9633
156.99	3.4168	-1.964
157.99	3.4193	-1.967
158.99	3.4187	-1.9663
159.99	3.4195	-1.9674
160.99	3.4196	-1.9673
162	3.4203	-1.9493
163	3.5304	-1.6955
164	3.671	-1.1381
165	3.7734	-0.22986
166	3.713	0.33943
167	3.5716	0.9346
168	3.3331	1.5272
169	2.9195	2.1935
170	2.0625	3.0391
171	1.5168	3.3809
172.01	0.87901	3.6416
173.01	-0.16203	3.8131
174.01	-1.2514	3.7163
175.01	-1.777	3.5064
176.01	-1.9385	3.4858
177.01	-2.3482	3.2473
178.01	-2.7556	2.9852
179.01	-2.9552	2.8116
180.01	-3.6496	2.034
181.01	-4.2483	0.79829
182.01	-4.3875	-0.17386
182.98	-4.3149	-1.085
183.98	-4.0396	-1.9475
184.98	-3.6723	-2.6127
185.99	-3.1331	-3.2663
186.99	-2.8086	-3.5537
187.99	-2.3365	-3.8666
188.99	-1.6727	-4.1762
189.99	-0.73699	-4.3869
190.99	0.25801	-4.3384
191.99	1.1064	-4.1063
192.99	1.9383	-3.6876
193.99	2.4942	-3.2489
194.99	3.1624	-2.436
196	3.4263	-1.9259
197	3.7038	-1.0185
198	3.7472	-0.50536
199	3.7459	-0.60202
200	3.7437	-0.78145
201	3.6997	-0.98549
202	3.7151	-0.97422
203	3.6695	-1.1849
204	3.6188	-1.4113
205.01	3.6125	-1.4426
206.01	3.6213	-1.4433
207.01	3.6217	-1.4429
208.01	3.6024	-1.4119
209.01	3.6026	-1.404
210.01	3.6026	-1.406
211.01	3.6213	-1.4242
212.01	3.6217	-1.4238
213.01	3.6026	-1.4238
214.01	3.62	-1.4439
215.01	3.4964	-1.0702
215.98	3.2041	-0.88139
216.98	3.593	-1.376
217.98	3.4746	-1.8122
218.99	3.2482	-2.3017
219.99	3.2664	-2.2822
220.99	3.4744	-1.8302
221.99	3.7071	-0.94487
222.99	3.7668	-0.28643
223.99	3.6265	0.78835
224.99	3.205	1.7824
225.99	2.9072	2.2496
226.99	1.9544	3.1398
227.99	1.5736	3.3507
229	0.49029	3.7291
230	-0.48657	3.7942
231	-1.355	3.6589
232	-1.8425	3.4857
233	-2.1681	3.3339
234	-2.6565	3.0548
235	-2.9746	2.7927
236	-3.3594	2.4051
237	-3.8787	1.7095
238	-4.2131	0.93519
239.01	-4.3691	0.085324
240.01	-4.3288	-0.95559
241.01	-4.2875	-1.1052
242.01	-4.3479	-0.87914
243.01	-4.3593	-0.61443
244.01	-4.3349	-0.70367
245.01	-3.987	-0.5712
246.01	-2.6313	-0.075476
247.01	-1.6765	0.09843
248.01	-1.9964	-0.65035
249.01	-2.9353	-1.7661
249.98	-3.8128	-2.4081
250.98	-3.593	-2.7234
251.99	-3.0648	-3.3135
252.99	-2.4353	-3.7917
253.99	-1.6465	-4.1498
254.99	-0.6968	-4.3681
255.99	0.31642	-4.3201
256.99	1.318	-4.0316
257.99	2.1299	-3.5439
258.99	2.7323	-2.9997
259.99	3.1687	-2.4421
260.99	3.6002	-1.4872
262	3.6673	-1.2299
263	3.7634	-0.25012
264	3.58	0.9314
265	3.3241	1.5642
266	3.0261	2.071
267	2.463	2.7213
268	1.9584	3.1337
269	2.0592	3.0717
270	1.7247	3.2676
271	0.64157	3.6921
272.01	-0.016386	3.7866
273.01	-0.96179	3.7514
274.01	-1.6704	3.5812
275.01	-2.0026	3.4636
276.01	-2.4067	3.2303
277.01	-2.6646	3.0719
278.01	-3.0235	2.7659
279.01	-3.5182	2.2181
280.01	-3.6506	2.0547
281.01	-4.0592	1.3162
282.01	-4.3294	0.41166
282.98	-4.3845	-0.53313
283.98	-4.1511	-1.714
284.98	-3.8725	-2.3346
285.99	-3.4371	-2.9403
286.99	-2.8472	-3.516
287.99	-2.0161	-3.9945
288.99	-1.2817	-4.2532
289.99	-0.036787	-4.3681
290.99	0.97335	-4.1486
291.99	1.9467	-3.6853
292.99	2.3267	-3.3965
293.99	3.0243	-2.632
294.99	3.5461	-1.5875
296	3.7187	-0.89825
297	3.7465	0.11381
298	3.4885	1.1853
299	3.2907	1.6379
300	2.5689	2.5977
301	1.9088	3.1322
302	1.8266	3.1835
303	1.9025	3.1553
304	1.2597	3.4856
305.01	0.24806	3.7688
306.01	-0.5638	3.8128
307.01	-1.1763	3.6903
308.01	-1.4294	3.6749
309.01	-1.3962	3.6702
310.01	-1.3939	3.6601
311.01	-1.4011	3.6576
312.01	-1.425	3.6225
313.01	-1.4143	3.6222
314.01	-1.3889	3.6246
315.01	-1.3855	3.6504
315.98	-1.4093	3.6849
316.98	-1.3947	3.6765
317.98	-1.3867	3.6684
318.99	-1.4143	3.6217
319.99	-1.383	3.6381
320.99	-1.3828	3.6385
321.99	-1.3739	3.6488
322.99	-1.3665	3.6503
323.99	-1.3676	3.6511
324.99	-1.3714	3.6536
325.99	-1.3946	3.6699
326.99	-1.3952	3.6785
327.99	-1.3757	3.6692
329	-1.3661	3.6691
330	-1.3812	3.6565
331	-1.3988	3.6395
332	-1.3775	3.6428
333	-1.3855	3.6668
334	-1.4028	3.6706
335	-1.3935	3.677
336	-1.3746	3.6849
337	-1.3787	3.6542
338	-1.3853	3.6601
339.01	-1.3743	3.6588
340.01	-1.3809	3.6656
341.01	-1.3827	3.6667
342.01	-1.3746	3.6592
343.01	-1.3798	3.6544
344.01	-1.3776	3.6616
345.01	-1.3641	3.6671
346.01	-1.3795	3.6541
347.01	-1.3552	3.667
348.01	-1.3779	3.6967
349.01	-1.3801	3.6886
349.98	-1.3599	3.6717
350.98	-1.3691	3.6722
351.99	-1.3804	3.6545
352.99	-1.3712	3.6648
353.99	-1.3677	3.6709
354.99	-1.3562	3.6765
355.99	-1.3693	3.6726
356.99	-1.3643	3.6588
357.99	-1.3477	3.6697
358.99	-1.3603	3.6791
359.99	-1.3799	3.6899
360.99	-1.3544	3.6924
362	-1.3466	3.6874
363	-1.3619	3.6756
364	-1.3624	3.6659
365	-1.3563	3.6685
366	-1.3647	3.6768
367	-1.3652	3.6843
368	-1.3564	3.6942
369	-1.572	3.6355
370	-2.2598	3.3392
371	-2.2508	3.3493
372.01	-2.2257	3.3531
373.01	-2.2181	3.3456
374.01	-2.2265	3.335
375.01	-2.2275	3.2979
376.01	-2.229	3.2895
377.01	-2.2452	3.3155
378.01	-2.2357	3.3162
379.01	-2.2361	3.3159
380.01	-2.2361	3.3159
381.01	-2.2365	3.3258
382.01	-2.2439	3.3094
382.98	-2.2548	3.3155
383.98	-2.2552	3.3159
384.98	-2.2552	3.3159
385.99	-2.2361	3.3247
386.99	-2.2364	3.3251
387.99	-2.2456	3.3254
388.99	-2.2275	3.2977
389.99	-2.2365	3.3155
390.99	-2.2361	3.2872
391.99	-2.2367	3.3049
392.99	-2.2361	3.2872
393.99	-2.2361	3.2872
394.99	-2.2282	3.2964
396	-2.2269	3.2869
397	-2.2364	3.2869
398	-2.2445	3.2882
399	-2.236	3.2872
400	-2.2445	3.2882
401	-2.2105	3.2749
402	-2.2456	3.3159
403	-2.2361	3.3159
404	-2.2368	3.3153
405.01	-2.2195	3.3235
406.01	-2.2452	3.3251
407.01	-2.2279	3.3042
408.01	-2.217	3.2872
409.01	-2.2361	3.2872
410.01	-2.2349	3.2881
411.01	-2.2445	3.2882
412.01	-2.2449	3.2878
413.01	-2.2456	3.3152
414.01	-2.2456	3.3159
415.01	-2.2269	3.3155
415.98	-2.2269	3.2869
416.98	-2.2361	3.2872
417.98	-2.2445	3.2882
418.99	-2.2456	3.3159
419.99	-2.2456	3.3159
420.99	-2.2456	3.3159
421.99	-2.2361	3.3236
422.99	-2.2265	3.3159
423.99	-2.2278	3.3238
424.99	-2.2185	3.3066
425.99	-2.2016	3.2844
426.99	-2.2016	3.2844
427.99	-2.2196	3.2929
429	-2.2258	3.2955
430	-2.2361	3.3159
431	-2.2357	3.3162
432	-2.2456	3.3159
433	-2.2365	3.3156
434	-2.2361	3.3159
435	-2.2265	3.3159
436	-2.2357	3.3162
437	-2.2357	3.3162
438	-2.2357	3.3251
439.01	-2.2344	3.3238
440.01	-2.2321	3.3093
441.01	-2.2185	3.303
442.01	-2.217	3.2948
443.01	-2.2016	3.2773
444.01	-2.2192	3.2853
445.01	-2.2277	3.2763
446.01	-2.2357	3.2964
447.01	-2.2452	3.3162
448.01	-2.242	3.3006
449.01	-2.2456	3.3159
449.98	-2.2279	3.3047
450.98	-2.2099	3.2853
451.99	-2.2181	3.2863
452.99	-2.2265	3.2872
453.99	-2.2446	3.297
454.99	-2.2365	3.3156
455.99	-2.2265	3.335
456.99	-2.2265	3.335
457.99	-2.2173	3.3354
458.99	-2.2643	3.3162
459.99	-2.5076	3.1647
460.99	-2.6898	3.0429
462	-3.0336	2.7759
463	-3.6076	2.1263
464	-4.0412	1.3376
465	-4.2386	0.82689
466	-4.2528	0.86924
467	-4.2722	0.72745
468	-4.3861	-0.057335
469	-4.3295	-0.99501
470	-4.1322	-1.7431
471	-3.9311	-2.1736
472.01	-3.38	-2.998
473.01	-2.8167	-3.5426
474.01	-2.217	-3.9275
475.01	-1.3532	-4.2588
476.01	-0.35357	-4.4046
477.01	0.31612	-4.3371
478.01	1.4619	-3.9936
479.01	2.0878	-3.6162
480.01	2.7934	-2.9652
481.01	3.3233	-2.1573
482.01	3.5909	-1.4875
482.98	3.7486	-0.55338
483.98	3.7704	-0.23327
484.98	3.6699	0.55506
485.99	3.398	1.41
486.99	3.0367	2.0429
487.99	3.0447	1.9935
488.99	2.6111	2.5642
489.99	1.8051	3.2097
490.99	1.2786	3.4945
491.99	0.42798	3.7539
492.99	-0.38417	3.7861
493.99	-1.3259	3.6766
494.99	-1.8054	3.5059
496	-2.0117	3.416
497	-2.6509	3.0705
498	-2.9438	2.8439
499	-3.3022	2.5086
500	-3.8901	1.703
501	-4.0514	1.3546
502	-4.3732	0.14931
503	-4.3634	-0.79931
504	-4.0202	-1.9947
505.01	-3.7789	-2.4794
506.01	-3.1772	-3.2255
507.01	-2.6541	-3.6678
508.01	-1.7749	-4.1344
509.01	-0.698	-4.3864
510.01	-0.10511	-4.3861
511.01	0.60202	-4.253
512.01	1.4408	-3.9815
513.01	2.0405	-3.6269
514.01	2.7262	-3.0124
515.01	3.2849	-2.2141
515.98	3.5539	-1.5943
516.98	3.7335	-0.79816
517.98	3.7479	0.1153
518.99	3.6775	0.52498
519.99	3.4485	1.2413
520.99	3.1399	1.8884
521.99	2.3694	2.8093
522.99	2.324	2.8718
523.99	2.1356	3.0052
524.99	1.7222	3.2748
525.99	0.99309	3.5911
526.99	-0.018692	3.7939
527.99	-1.0088	3.7421
529	-0.97853	3.7406
530	-1.6723	3.5643
531	-1.877	3.4921
532	-2.7638	3.0124
533	-3.0678	2.7619
534	-3.7686	1.9032
535	-4.2524	0.76447
536	-4.2999	0.5152
537	-4.3835	-0.45153
538	-4.3475	-0.8405
539.01	-4.2762	-1.2946
540.01	-3.9628	-2.1378
541.01	-3.5616	-2.778
542.01	-3.0182	-3.3624
543.01	-2.7692	-3.5623
544.01	-2.2517	-3.8967
545.01	-1.1231	-4.305
546.01	-0.34359	-4.4055
547.01	0.45518	-4.3166
548.01	1.3042	-4.0463
549.01	2.0438	-3.6301
549.98	2.5472	-3.1878
550.98	3.1309	-2.4803
551.99	3.5998	-1.4499
552.99	3.7263	-0.80176
553.99	3.7453	0.03804
554.99	3.6551	0.69257
555.99	3.3455	1.4824
556.99	2.777	2.3661
557.99	2.5462	2.5822
558.99	2.2399	2.8979
559.99	2.234	2.8445
560.99	2.2342	2.8449
562	2.2336	2.8446
563	2.2354	2.8461
564	2.2339	2.8635
565	2.2369	2.8286
566	2.2414	2.8235
567	2.2412	2.824
568	2.2408	2.8233
569	2.2431	2.8166
570	2.2447	2.8094
571	2.2342	2.8454
572.01	2.2434	2.8357
573.01	2.2492	2.8233
574.01	2.2433	2.8265
575.01	2.2433	2.8265
576.01	2.2498	2.8231
577.01	2.2428	2.8258
578.01	2.2514	2.8249
579.01	2.2536	2.8553
580.01	2.2799	2.8343
581.01	2.2824	2.8358
582.01	2.2811	2.8445
582.98	2.2837	2.8377
583.98	2.2721	2.8256
584.98	2.2828	2.8357
585.99	2.2954	2.8211
586.99	2.3134	2.8295
587.99	2.2332	2.8111
588.99	2.2094	2.8272
589.99	2.2103	2.8263
590.99	2.2104	2.8356
591.99	2.2095	2.8363
592.99	2.2199	2.8445
593.99	2.2258	2.829
594.99	2.2168	2.8116
596	2.2225	2.8147
597	2.2209	2.8249
598	2.2083	2.8277
598.97	2.2278	2.8361
