0	-0.227	1.531
1.001	-0.13901	1.9047
2.002	-0.22738	1.9517
3.003	-0.67452	3.2216
4.004	-0.65258	3.2087
5.005	-0.65301	3.2103
6.006	-0.64402	3.2359
7.007	-0.66186	3.2176
8.008	-0.64561	3.22
9.009	-0.63718	3.2302
10.01	-0.74574	3.2364
11.011	-0.76341	3.2442
12.012	-0.76016	3.2223
13.013	-0.88655	2.8666
14.014	-0.52865	1.722
15.015	-0.10391	1.742
16.016	-0.10128	1.7205
16.983	-0.099624	1.7035
17.984	-0.11986	1.7244
18.985	-0.10862	1.722
19.986	-0.05362	2.3655
20.987	-0.25511	2.5794
21.988	-0.94253	3.031
22.989	-0.9922	3.25
23.99	-1.5481	3.0363
24.991	-2.2249	2.519
25.992	-2.5994	1.972
26.993	-2.7344	1.1146
27.994	-2.8531	0.063824
28.995	-2.4076	-0.59552
29.996	-1.5734	-0.94507
30.997	-0.57416	-1.8655
31.998	-1.1123	-3.338
32.999	-1.4768	-3.2619
34	-1.0281	-3.5397
35.001	0.0011474	-3.9083
36.002	1.2455	-3.9729
37.003	2.8143	-3.4768
38.004	4.1845	-2.2293
39.005	4.8173	-0.77999
40.006	4.8596	0.771
41.007	4.4926	1.8849
42.008	3.604	3.0753
43.009	2.8674	3.6384
44.01	1.9674	4.0131
45.011	0.99665	4.1615
46.012	0.40602	4.1315
47.013	-0.17249	4.034
48.014	-1.0116	3.7372
49.015	-1.6961	3.318
50.016	-1.5963	3.3809
50.984	-1.5498	3.4161
51.985	-1.5604	3.4261
52.986	-1.5601	3.4255
53.987	-1.5514	3.3988
54.988	-1.5596	3.407
55.989	-1.5528	3.4171
56.99	-1.5502	3.4193
57.991	-1.5164	3.4259
58.992	-1.4274	3.4894
59.993	-0.96765	2.7242
60.994	-0.95159	2.6824
61.995	0.32073	1.5503
62.996	1.95	2.3992
63.997	2.8484	3.3298
64.998	3.2635	3.0306
65.999	4.0814	2.3059
67	4.3722	1.9263
68.001	4.4475	1.9617
69.002	4.5169	1.8175
70.003	4.7327	1.307
71.004	4.8903	0.46704
72.005	4.8883	-0.33204
73.006	4.5762	-1.5555
74.007	3.8341	-2.6693
75.008	2.8504	-3.4431
76.009	1.6499	-3.8947
77.01	0.53807	-3.9728
78.011	-0.83884	-3.6457
79.012	-2.2704	-2.5746
80.013	-2.9749	-1.3795
81.014	-3.2286	-0.11689
82.015	-3.2364	0.044167
83.016	-3.2274	0.035577
83.983	-3.2259	0.043019
84.984	-3.2098	0.044391
85.985	-3.228	0.080233
86.986	-3.2322	0.08105
87.987	-3.2376	0.054101
88.988	-3.2279	0.069693
89.989	-3.2298	0.071182
90.99	-3.2306	0.082433
91.991	-3.2331	0.091316
92.992	-3.2295	0.072237
93.993	-3.2466	0.090951
94.994	-3.2397	0.10863
95.995	-3.2379	0.12601
96.996	-3.2307	0.12639
97.997	-3.2309	0.11733
98.998	-3.2292	0.098809
100	-3.2295	0.12608
101	-3.2483	0.13807
102	-3.2215	0.14918
103	-3.2242	0.14542
104	-3.2377	0.13423
105.01	-3.2207	0.12584
106.01	-3.2382	0.12531
107.01	-3.2374	0.16085
108.01	-3.2284	0.13807
109.01	-3.2208	0.14476
110.01	-3.2116	0.13501
111.01	-3.2266	0.13627
112.01	-3.238	0.16029
113.01	-3.2266	0.14549
114.01	-3.2193	0.14536
114.98	-3.2242	0.12998
115.98	-3.2209	0.12966
116.98	-3.2198	0.16114
117.98	-3.2284	0.17039
118.99	-3.2131	0.14966
119.99	-3.2204	0.16213
120.99	-3.2203	0.16958
121.99	-3.2203	0.18694
122.99	-3.2295	0.18936
123.99	-3.2142	0.14706
124.99	-3.2292	0.2518
125.99	-3.245	0.34929
126.99	-3.2229	0.35088
127.99	-3.2295	0.40788
129	-3.2138	0.56354
130	-3.21	0.57329
131	-3.1644	0.89551
132	-3.0679	1.2147
133	-3.012	1.4249
134	-2.8673	1.8094
135	-2.566	2.3431
136	-2.4468	2.5127
137	-2.2946	2.6718
138	-2.0721	2.9285
139.01	-2.0435	2.958
140.01	-2.0561	2.9432
141.01	-2.0611	2.9118
142.01	-2.0614	2.9232
143.01	-2.0619	2.9318
144.01	-2.0592	2.9387
145.01	-2.054	2.9139
146.01	-2.0607	2.9177
147.01	-2.0499	2.9298
148.01	-2.0507	2.9395
149.01	-2.0082	2.9853
149.98	-2.0616	2.9068
150.98	-1.9571	2.8532
151.99	-1.8831	2.4224
152.99	-2.2743	1.5428
153.99	-2.2808	1.5115
154.99	-2.2824	1.5207
155.99	-2.2812	1.5244
156.99	-2.2831	1.5394
157.99	-2.2801	1.5253
158.99	-2.2799	1.5269
159.99	-2.2798	1.5195
160.99	-2.2787	1.491
162	-2.2808	1.5171
163	-2.2796	1.5092
164	-2.2824	1.4921
165	-2.281	1.4732
166	-2.2831	1.4738
167	-2.2812	1.4743
168	-2.2814	1.4894
169	-2.2812	1.4922
170	-2.2811	1.4912
171	-2.275	1.4843
172.01	-2.2866	1.4897
173.01	-2.2881	1.4907
174.01	-2.2883	1.4995
175.01	-2.2876	1.506
176.01	-2.2878	1.5077
177.01	-2.2822	1.5
178.01	-2.2823	1.4764
179.01	-2.2922	1.4915
180.01	-2.2877	1.5086
181.01	-2.2815	1.5042
182.01	-2.2806	1.4904
182.98	-2.282	1.509
183.98	-2.2894	1.5082
184.98	-2.2818	1.5003
185.99	-2.2811	1.5067
186.99	-2.2881	1.4902
187.99	-2.283	1.4911
188.99	-2.2891	1.493
189.99	-2.2944	1.5139
190.99	-2.289	1.5097
191.99	-2.2881	1.5068
192.99	-2.2883	1.4964
193.99	-2.2822	1.4928
194.99	-2.282	1.4918
196	-2.2885	1.5002
197	-2.2899	1.4936
198	-2.2886	1.5103
199	-2.2826	1.5077
200	-2.288	1.5059
201	-2.289	1.4908
202	-2.2825	1.5104
203	-2.2882	1.5084
204	-2.2886	1.5092
205.01	-2.2878	1.4978
206.01	-2.2888	1.4911
207.01	-2.2877	1.4917
208.01	-2.2889	1.5022
209.01	-2.2882	1.524
210.01	-2.2881	1.5082
211.01	-2.2624	1.4356
212.01	-2.2618	1.4196
213.01	-2.2621	1.4209
214.01	-2.27	1.3733
215.01	-2.2642	1.3494
215.98	-2.2632	1.3289
216.98	-2.2685	1.3195
217.98	-2.2622	1.3292
218.99	-2.2604	1.3201
219.99	-2.2633	1.3306
220.99	-2.2613	1.3125
221.99	-2.2708	1.3107
222.99	-2.2641	1.3049
223.99	-2.2691	1.3023
224.99	-2.2696	1.2814
225.99	-2.2764	1.2893
226.99	-2.2762	1.2846
227.99	-2.2757	1.2746
229	-2.2775	1.2719
230	-2.2694	1.2675
231	-2.2761	1.2915
232	-2.276	1.2917
233	-2.2754	1.2751
234	-2.2767	1.2734
235	-2.2767	1.2738
236	-2.2765	1.2915
237	-2.276	1.2759
238	-2.2767	1.2908
239.01	-2.2766	1.2751
240.01	-2.2769	1.2731
241.01	-2.2766	1.2753
242.01	-2.2766	1.2931
243.01	-2.2711	1.2915
244.01	-2.2706	1.3077
245.01	-2.2767	1.2839
246.01	-2.2721	1.2885
247.01	-2.2719	1.2882
248.01	-2.2751	1.3034
249.01	-2.2703	1.3069
249.98	-2.2694	1.2843
250.98	-2.269	1.291
251.99	-2.2693	1.3106
252.99	-2.2772	1.3085
253.99	-2.2706	1.2896
254.99	-2.2769	1.292
255.99	-2.2719	1.2882
256.99	-2.2715	1.3071
257.99	-2.276	1.3109
258.99	-2.2704	1.2984
259.99	-2.2706	1.306
260.99	-2.2693	1.291
262	-2.2766	1.2841
263	-2.2695	1.2891
264	-2.2703	1.2903
265	-2.276	1.3198
266	-2.27	1.2987
267	-2.27	1.2987
268	-2.2768	1.2923
269	-2.2719	1.2894
270	-2.2772	1.2915
271	-2.2762	1.3026
272.01	-2.2721	1.3084
273.01	-2.2685	1.2837
274.01	-2.278	1.2907
275.01	-2.2763	1.293
276.01	-2.2766	1.3105
277.01	-2.2774	1.3082
278.01	-2.2711	1.281
279.01	-2.2776	1.2911
280.01	-2.2769	1.2935
281.01	-2.2774	1.3008
282.01	-2.2785	1.3078
282.98	-2.2778	1.2914
283.98	-2.2779	1.3005
284.98	-2.2778	1.3093
285.99	-2.2831	1.2765
286.99	-2.2945	1.3256
287.99	-2.2963	1.326
288.99	-2.2964	1.3363
289.99	-2.296	1.3115
290.99	-2.2954	1.3104
291.99	-2.2967	1.3105
292.99	-2.2964	1.3156
293.99	-2.3069	1.3103
294.99	-2.3068	1.301
296	-2.307	1.2739
297	-2.3214	1.1501
298	-2.3024	0.95405
299	-1.9112	0.33876
300	-1.944	-0.93344
301	-2.6441	-0.71384
302	-2.8814	0.26598
303	-2.915	0.91482
304	-2.7931	1.5565
305.01	-2.5331	1.942
306.01	-2.1494	2.5971
307.01	-1.6361	2.9089
308.01	-1.3463	3.1286
309.01	-1.1782	3.1316
310.01	-0.87429	3.1792
311.01	-0.10714	3.3809
312.01	1.3693	3.7496
313.01	3.2547	2.9964
314.01	4.1104	0.77235
315.01	4.42	-1.722
315.98	4.4842	-1.7036
316.98	4.6084	-1.4716
317.98	4.6981	-1.2099
318.99	4.8237	-0.76164
319.99	4.9071	-0.10682
320.99	4.9161	0.017471
321.99	4.9124	-0.22188
322.99	4.8344	-0.69927
323.99	4.5997	-1.462
324.99	4.3141	-2.0561
325.99	3.8689	-2.6342
326.99	3.4149	-3.0654
327.99	2.9586	-3.3711
329	2.4982	-3.6374
330	2.0247	-3.8263
331	1.8653	-3.8562
332	1.6056	-3.9192
333	1.5689	-3.9276
334	1.5963	-3.9369
335	1.5694	-3.9459
336	1.5787	-3.9468
337	1.5874	-3.9381
338	1.587	-3.9285
339.01	1.5859	-3.9304
340.01	1.5884	-3.9451
341.01	1.5903	-3.9432
342.01	1.5915	-3.9325
343.01	1.5889	-3.9267
344.01	1.6037	-3.9296
345.01	1.5694	-3.9369
346.01	1.5711	-3.9306
347.01	1.5764	-3.9258
348.01	1.5685	-3.9176
349.01	1.5658	-3.8886
349.98	1.5723	-3.8948
350.98	1.5566	-3.8978
351.99	1.5569	-3.8975
352.99	1.5605	-3.896
353.99	1.544	-3.8931
354.99	1.5585	-3.9083
355.99	1.5607	-3.92
356.99	1.5507	-3.9178
357.99	1.5603	-3.9367
358.99	1.5847	-3.9334
359.99	1.5778	-3.8915
360.99	1.5739	-3.8779
362	1.5669	-3.9165
363	1.5696	-3.8916
364	1.5707	-3.8852
365	1.5645	-3.8682
366	1.5777	-3.8737
367	1.5711	-3.8777
368	1.5339	-3.9193
369	1.5237	-3.9179
370	1.5344	-3.8924
371	1.5156	-3.8823
372.01	1.497	-3.8916
373.01	1.5056	-3.9181
374.01	1.5069	-3.9187
375.01	1.5348	-3.9355
376.01	1.5868	-3.9294
377.01	1.5778	-3.9275
378.01	1.5694	-3.919
379.01	1.5864	-3.9098
380.01	1.5768	-3.9169
381.01	1.5783	-3.9205
382.01	1.577	-3.9266
382.98	1.5773	-3.8926
383.98	1.5694	-3.8845
384.98	1.5799	-3.8799
385.99	1.5706	-3.9095
386.99	1.577	-3.9266
387.99	1.5878	-3.8934
388.99	1.5892	-3.8847
389.99	1.5873	-3.901
390.99	1.5792	-3.9192
391.99	1.5783	-3.8961
392.99	1.5771	-3.8818
393.99	1.5883	-3.8754
394.99	1.5868	-3.9184
396	1.5954	-3.9271
397	1.5792	-3.9108
398	1.5861	-3.8817
399	1.5863	-3.8858
400	1.5787	-3.9013
401	1.5792	-3.9108
402	1.5783	-3.8938
403	1.5783	-3.8841
404	1.5797	-3.8854
405.01	1.5873	-3.901
406.01	1.5792	-3.9087
407.01	1.5783	-3.91
408.01	1.571	-3.893
409.01	1.5878	-3.8926
410.01	1.6041	-3.9285
411.01	1.6044	-3.9288
412.01	1.5969	-3.9269
413.01	1.5966	-3.9187
414.01	1.6046	-3.91
415.01	1.5887	-3.9182
415.98	1.5952	-3.9263
416.98	1.596	-3.9097
417.98	1.5965	-3.9177
418.99	1.5972	-3.9108
419.99	1.5965	-3.9202
420.99	1.5963	-3.919
421.99	1.6145	-3.9103
422.99	1.6219	-3.8917
423.99	1.6308	-3.9087
424.99	1.6313	-3.9182
425.99	1.6306	-3.8945
426.99	1.6232	-3.8825
427.99	1.6234	-3.877
429	1.6308	-3.9087
430	1.6229	-3.8934
431	1.6232	-3.8946
432	1.6232	-3.8767
433	1.6218	-3.9182
434	1.6313	-3.9108
435	1.6304	-3.8885
436	1.6403	-3.8839
437	1.6411	-3.8847
438	1.6411	-3.901
439.01	1.6337	-3.89
440.01	1.6331	-3.8734
441.01	1.6484	-3.8831
442.01	1.642	-3.8839
443.01	1.64	-3.9179
444.01	1.6492	-3.9108
445.01	1.6489	-3.8836
446.01	1.6493	-3.8928
447.01	1.6242	-3.8809
448.01	1.6151	-3.8922
449.01	1.6167	-3.877
449.98	1.614	-3.8918
450.98	1.6057	-3.8891
451.99	1.5991	-3.8767
452.99	1.5975	-3.8838
453.99	1.5821	-3.89
454.99	1.5868	-3.8747
455.99	1.5966	-3.8744
456.99	1.5958	-3.8731
457.99	1.6036	-3.8724
458.99	1.5697	-3.9174
459.99	1.5619	-3.8945
460.99	1.5847	-3.8899
462	1.569	-3.8647
463	1.5625	-3.8852
464	1.563	-3.8933
465	1.5684	-3.8907
466	1.5775	-3.9271
467	1.5701	-3.8955
468	1.578	-3.9082
469	1.5694	-3.901
470	1.5694	-3.901
471	1.5694	-3.919
472.01	1.5694	-3.8921
473.01	1.5694	-3.8847
474.01	1.5694	-3.901
475.01	1.5694	-3.919
476.01	1.5689	-3.8909
477.01	1.5694	-3.919
478.01	1.5598	-3.9279
479.01	1.5694	-3.9369
480.01	1.5508	-3.9638
481.01	1.5436	-3.9473
482.01	1.5236	-3.9482
482.98	1.5237	-3.9555
483.98	1.5256	-3.963
484.98	1.5263	-3.963
485.99	1.5319	-3.9381
486.99	1.5249	-3.9281
487.99	1.5271	-3.9532
488.99	1.526	-3.9534
489.99	1.5231	-3.9397
490.99	1.5316	-3.9384
491.99	1.5325	-3.9377
492.99	1.5245	-3.9201
493.99	1.5234	-3.9292
494.99	1.5097	-3.9369
496	1.5162	-3.9541
497	1.51	-3.9245
498	1.5087	-3.9369
499	1.5084	-3.9196
500	1.5059	-3.9212
501	1.5064	-3.922
502	1.5077	-3.9203
503	1.5098	-3.9336
504	1.5092	-3.9249
505.01	1.4901	-3.9273
506.01	1.4797	-3.9293
507.01	1.4819	-3.9536
508.01	1.4716	-3.9457
509.01	1.48	-3.9367
510.01	1.4801	-3.9364
511.01	1.4745	-3.934
512.01	1.4789	-3.9196
513.01	1.4749	-3.9505
514.01	1.4713	-3.939
515.01	1.4792	-3.9378
515.98	1.4823	-3.9509
516.98	1.4618	-3.9638
517.98	1.4611	-3.941
518.99	1.4533	-3.9377
519.99	1.4528	-3.9369
520.99	1.4793	-3.9575
521.99	1.4806	-3.9631
522.99	1.4698	-3.9548
523.99	1.4716	-3.9377
524.99	1.4875	-3.9453
525.99	1.4797	-3.9369
526.99	1.4797	-3.9532
527.99	1.4797	-3.9532
529	1.4791	-3.9627
530	1.48	-3.935
531	1.48	-3.9193
532	1.4797	-3.9459
533	1.4797	-3.9464
534	1.4806	-3.9361
535	1.471	-3.9277
536	1.4876	-3.92
537	1.5057	-3.9192
538	1.4876	-3.9443
539.01	1.4976	-3.9353
540.01	1.4956	-3.8934
541.01	1.4536	-3.9182
542.01	1.4528	-3.919
543.01	1.4517	-3.92
544.01	1.4429	-3.9286
545.01	1.4349	-3.9369
546.01	1.4349	-3.9369
547.01	1.434	-3.9203
548.01	1.4349	-3.9295
549.01	1.4516	-3.9469
549.98	1.4531	-3.9277
550.98	1.4618	-3.9285
551.99	1.4531	-3.9451
552.99	1.4525	-3.9456
553.99	1.4362	-3.9113
554.99	1.4607	-3.9201
555.99	1.4873	-3.9445
556.99	1.4626	-3.9441
557.99	1.4696	-3.9359
558.99	1.4556	-3.8947
559.99	1.4707	-3.919
560.99	1.4797	-3.9369
562	1.4878	-3.9451
563	1.4797	-3.9464
564	1.4794	-3.9462
565	1.4707	-3.9279
566	1.4624	-3.9279
567	1.4623	-3.9291
568	1.4531	-3.9461
569	1.4615	-3.9462
570	1.4612	-3.9358
571	1.4618	-3.9279
572.01	1.4623	-3.9201
573.01	1.4702	-3.929
574.01	1.4704	-3.9366
575.01	1.4618	-3.9464
576.01	1.4534	-3.9269
577.01	1.4615	-3.9282
578.01	1.4435	-3.9456
579.01	1.4357	-3.9557
580.01	1.4435	-3.9731
581.01	1.4161	-3.972
582.01	1.4169	-3.9548
582.98	1.4091	-3.9559
583.98	1.416	-3.9646
584.98	1.4169	-3.9638
585.99	1.4085	-3.947
586.99	1.4088	-3.9378
587.99	1.4164	-3.9448
588.99	1.408	-3.9554
589.99	1.408	-3.9632
590.99	1.408	-3.9548
591.99	1.408	-3.9369
592.99	1.4071	-3.945
593.99	1.3996	-3.9543
594.99	1.399	-3.9633
596	1.3903	-3.9462
597	1.3903	-3.9377
598	1.3808	-3.9451
599	1.39	-3.9548
