0	4.5761	-1.5552
1.001	3.9758	-2.4996
2.002	3.1531	-3.2793
3.003	1.7358	-3.9074
4.004	0.50893	-3.9838
5.005	-0.73525	-3.6852
6.006	-2.0599	-2.796
7.007	-2.7352	-1.8996
8.008	-2.3275	-1.7295
9.009	-2.3586	-1.8653
10.01	-2.3667	-1.8017
11.011	-2.3743	-1.8657
12.012	-2.3652	-1.4903
13.013	-2.429	-0.89843
14.014	-2.4052	-0.91217
15.015	-2.3839	-0.65041
16.016	-2.6097	-0.28697
16.983	-2.7375	-0.037751
17.984	-2.8083	0.051253
18.985	-2.4853	0.25066
19.986	-2.9513	-0.034874
20.987	-3.1294	0.10724
21.988	-3.2287	0.14325
22.989	-3.1567	-0.79814
23.99	-2.4562	-2.3304
24.991	-1.3231	-3.3853
25.992	-0.05669	-3.8853
26.993	2.0107	-3.8402
27.994	3.6229	-2.8677
28.995	3.9535	-2.5269
29.996	4.7778	-0.97247
30.997	4.8679	0.73205
31.998	4.2922	2.2681
32.999	3.4189	3.2587
34	2.3776	3.868
35.001	2.1137	3.9699
36.002	0.77072	4.1436
37.003	-0.09289	3.986
38.004	-0.23397	4.0353
39.005	-0.47269	3.9711
40.006	-1.6672	3.2988
41.007	-2.564	2.3561
42.008	-3.128	1.0645
43.009	-3.2216	-0.34158
44.01	-2.7936	-1.7544
45.011	-2.0335	-2.8326
46.012	-1.0321	-3.5428
47.013	0.72465	-3.9722
48.014	2.5638	-3.5836
49.015	4.0853	-2.3757
50.016	4.8363	-0.69933
50.984	4.7924	1.1259
51.985	4.1178	2.5234
52.986	2.8741	3.6195
53.987	1.7232	4.0469
54.988	-0.13245	4.0628
55.989	-1.8169	3.1968
56.99	-2.7321	2.0324
57.991	-1.6942	1.203
58.992	-0.89469	-0.73289
59.993	-0.79957	-2.8319
60.994	-1.6945	-3.0422
61.995	-2.5326	-2.1384
62.996	-2.8548	-1.3123
63.997	-2.9798	0.48084
64.998	-2.4036	2.0531
65.999	-0.85572	3.2414
67	0.38811	3.8988
68.001	2.3584	3.7212
69.002	2.7794	3.6778
70.003	3.1637	3.4409
71.004	4.1471	2.4705
72.005	4.7502	1.2711
73.006	4.902	0.030162
74.007	3.9025	-0.21433
75.008	2.0636	0.36943
76.009	0.015829	0.20808
77.01	-2.0635	-0.46686
78.011	-3.152	-0.30886
79.012	-3.1551	-0.53053
80.013	-3.2297	-0.35653
81.014	-3.2036	0.62769
82.015	-2.9947	1.5059
83.016	-2.608	2.2752
83.983	-1.9037	3.1237
84.984	-1.3093	3.5887
85.985	-1.7641	3.2532
86.986	-2.3494	2.627
87.987	-1.676	2.3232
88.988	0.22168	2.6922
89.989	2.2675	2.5857
90.99	4.1276	2.4336
91.991	4.6263	1.4706
92.992	4.8292	-0.18286
93.993	4.0511	-0.96518
94.994	3.3978	-2.2408
95.995	2.4929	-3.5242
96.996	1.2525	-3.6713
97.997	-0.11365	-3.2524
98.998	-1.7012	-2.9763
100	-2.4552	-2.2845
101	-3.0003	-1.2708
102	-3.1294	-0.21473
103	-2.9658	0.46698
104	-3.0731	0.5581
105.01	-3.0717	0.55037
106.01	-3.0722	0.55942
107.01	-3.0628	0.56025
108.01	-2.9855	0.94
109.01	-3.1854	0.65297
110.01	-3.2228	-0.2641
111.01	-2.9717	-1.4112
112.01	-2.2847	-2.5634
113.01	-1.4264	-3.3189
114.01	-0.15249	-3.8545
114.98	1.1839	-3.9747
115.98	2.9708	-3.3828
116.98	4.2991	-2.056
117.98	4.8708	-0.48427
118.99	4.6528	1.5411
119.99	3.7645	2.9127
120.99	2.212	3.9528
121.99	0.8841	4.1646
122.99	-0.74396	3.8367
123.99	-2.1901	2.8184
124.99	-2.8439	1.5265
125.99	-2.6957	1.5224
126.99	-2.8528	1.5442
127.99	-2.6903	1.3464
129	-2.7045	1.3479
130	-2.6963	1.3409
131	-2.9146	1.4622
132	-2.7593	2.0515
133	-1.8928	3.121
134	-1.6538	3.2406
135	-0.58249	2.1886
136	-0.74266	2.0352
137	-0.72067	2.0117
138	-0.73394	1.9897
139.01	-0.73473	1.9995
140.01	0.21153	1.4992
141.01	0.62706	1.7759
142.01	0.63694	1.5064
143.01	0.67067	1.6121
144.01	0.67295	1.1295
145.01	0.15291	0.77923
146.01	0.14831	0.78443
147.01	0.14631	0.79527
148.01	-0.7834	-0.085968
149.01	-0.85902	0.21104
149.98	-1.0423	0.083637
150.98	-1.0347	0.075206
151.99	-1.0385	0.059756
152.99	-1.0359	0.058542
153.99	-0.93533	0.058824
154.99	-0.4381	0.091999
155.99	-0.31006	0.25781
156.99	-0.02884	0.50325
157.99	-0.074524	0.85782
158.99	-0.088229	0.87518
159.99	0.053782	0.75573
160.99	-1.6908	1.019
162	-2.0942	1.2583
163	-2.1157	1.4636
164	-2.1469	1.6738
165	-2.1246	2.8794
166	-1.9466	3.1028
167	-1.4236	3.4951
168	-0.56858	3.915
169	0.49863	4.1759
170	1.6085	4.1033
171	2.5542	3.7903
172.01	3.5096	3.1868
173.01	4.1715	2.4575
174.01	4.6712	1.5056
175.01	4.8875	0.64402
176.01	4.895	-0.29491
177.01	4.6941	-1.2517
178.01	4.4643	-1.7753
179.01	3.8235	-2.6871
180.01	2.8138	-3.4606
181.01	1.912	-3.822
182.01	0.6754	-4.0019
182.98	-0.66417	-3.6947
183.98	-1.9279	-2.9215
184.98	-2.5539	-2.2116
185.99	-3.09	-1.0364
186.99	-3.2207	0.42959
187.99	-3.0597	1.2379
188.99	-2.8038	1.9262
189.99	-1.8849	3.1224
190.99	-0.97562	3.7381
191.99	-0.2161	3.9984
192.99	0.32093	4.131
193.99	1.0508	4.19
194.99	1.88	4.0497
196	3.3422	3.3141
197	4.1108	2.5234
198	4.6789	1.4686
199	4.9094	0.33908
200	4.8999	-0.38983
201	4.7543	-1.0065
202	4.081	-0.97714
203	3.0055	-0.4571
204	1.4106	-0.01419
205.01	0.020399	0.48703
206.01	-1.5796	0.072977
207.01	-3.0969	-0.55323
208.01	-3.1852	-0.30636
209.01	-3.1498	-0.45445
210.01	-2.9787	-1.3092
211.01	-2.3825	-2.3201
212.01	-1.403	-3.124
213.01	-0.025361	-3.531
214.01	1.4718	-3.7231
215.01	2.5634	-3.5232
215.98	3.4607	-2.8687
216.98	4.1799	-1.6504
217.98	4.4664	-0.62775
218.99	4.6346	0.78095
219.99	4.4746	1.8469
220.99	3.792	2.8241
221.99	3.1318	3.4196
222.99	2.4292	3.7838
223.99	1.5226	3.9782
224.99	0.50391	4.1275
225.99	-0.53146	3.8985
226.99	-1.4337	3.4071
227.99	-2.338	2.5533
229	-2.685	2.0316
230	-2.7376	1.3554
231	-3.1642	0.42889
232	-3.158	-0.55431
233	-2.8032	-1.6819
234	-2.1321	-2.6337
235	-1.1102	-3.3602
236	0.36793	-3.8998
237	1.4457	-3.4725
238	3.2274	-3.1647
239.01	3.9686	-2.4089
240.01	4.4115	-1.5512
241.01	4.8314	-0.2766
242.01	4.6382	0.91176
243.01	4.442	1.9342
244.01	3.8166	2.7688
245.01	3.2462	3.3259
246.01	2.8533	3.4893
247.01	1.899	3.9786
248.01	1.2827	4.162
249.01	-0.39023	3.9942
249.98	-0.75551	3.8493
250.98	-1.763	3.259
251.99	-2.3407	2.6716
252.99	-2.7695	2.0168
253.99	-3.0199	1.4235
254.99	-3.1734	0.90316
255.99	-3.2091	0.4484
256.99	-3.1647	0.3054
257.99	-2.233	0.17039
258.99	-0.90101	-0.35238
259.99	0.51174	-1.058
260.99	1.9007	-0.67233
262	3.4577	-0.052581
263	4.6888	0.32277
264	4.7881	0.93273
265	4.5307	1.685
266	4.2965	2.1779
267	3.6602	3.0243
268	3.0546	3.4669
269	2.4935	3.7843
270	2.3935	3.8724
271	2.3984	3.8683
272.01	2.388	3.8764
273.01	2.3861	3.8762
274.01	2.3807	3.8883
275.01	2.3778	3.856
276.01	2.3491	3.8737
277.01	2.3505	3.8879
278.01	2.3447	3.8871
279.01	2.3437	3.8873
280.01	2.3382	3.8549
281.01	2.3338	3.876
282.01	2.3222	3.8905
282.98	2.3228	3.865
283.98	2.3212	3.8724
284.98	2.3244	3.8861
285.99	2.1776	3.9626
286.99	1.7658	4.0556
287.99	1.3903	4.1251
288.99	0.71777	4.1699
289.99	-0.16019	4.07
290.99	-1.1029	3.6753
291.99	-1.7379	3.262
292.99	-2.3459	2.6508
293.99	-2.7672	2.023
294.99	-3.0387	1.3528
296	-3.2354	0.31997
297	-3.1523	-0.82094
298	-2.789	-1.7846
299	-2.1678	-2.6784
300	-1.4513	-3.29
301	-1.0007	-3.5573
302	0.15245	-3.9548
303	1.3268	-3.953
304	2.867	-3.4237
305.01	3.8161	-2.689
306.01	4.5978	-1.4877
307.01	4.8713	-0.46712
308.01	4.8612	0.75264
309.01	4.5905	1.7209
310.01	3.9511	2.7232
311.01	2.9213	3.5854
312.01	1.8634	4.0352
313.01	0.51474	4.1667
314.01	-0.67131	3.8638
315.01	-1.6051	3.3448
315.98	-2.3143	2.6908
316.98	-3.0209	1.4063
317.98	-3.2278	0.36911
318.99	-3.1365	-0.82027
319.99	-2.9065	-1.5435
320.99	-2.1871	-2.6358
321.99	-1.2074	-3.4407
322.99	0.052847	-3.9196
323.99	0.62807	-3.9538
324.99	0.60085	-3.9548
325.99	0.60892	-3.9464
326.99	0.61173	-3.9266
327.99	0.6294	-3.9604
329	0.6197	-3.9451
330	0.63307	-3.9396
331	0.64488	-3.9468
332	1.7038	-3.8735
333	2.6886	-3.5309
334	3.7635	-2.7507
335	4.5451	-1.604
336	4.9065	-0.21391
337	4.8124	1.0199
338	4.2723	2.291
339.01	3.5021	3.1879
340.01	2.7015	3.7141
341.01	1.7875	4.0568
342.01	0.65296	4.1639
343.01	-0.42893	3.9433
344.01	-1.4671	3.4563
345.01	-2.0304	3.0065
346.01	-2.8019	1.9501
347.01	-3.1464	0.96688
348.01	-2.8813	0.74155
349.01	-1.5506	0.5842
349.98	0.031101	0.29103
350.98	1.1567	-0.75491
351.99	1.2926	-2.5368
352.99	2.1026	-3.6804
353.99	2.8733	-3.4127
354.99	3.4509	-2.9654
355.99	3.8356	-2.4364
356.99	4.4299	-1.6955
357.99	4.7737	-0.84706
358.99	4.8558	-0.04062
359.99	4.7994	0.40459
360.99	4.6918	1.291
362	4.3655	2.0787
363	3.8643	2.8127
364	3.2192	3.2101
365	2.8617	3.5515
366	2.198	3.8837
367	1.6717	4.0382
368	1.425	4.0607
369	1.1831	4.1852
370	1.2294	4.1335
371	1.3008	4.1259
372.01	1.8113	4.0384
373.01	2.0551	4.0018
374.01	3.0071	3.5545
375.01	3.6035	3.0814
376.01	4.1763	2.4357
377.01	4.5858	1.7322
378.01	4.7884	1.0925
379.01	4.9079	0.32991
380.01	4.884	-0.36454
381.01	4.7558	-0.998
382.01	4.6568	-1.1863
382.98	4.0807	-0.73538
383.98	3.8288	0.2525
384.98	3.7127	1.8294
385.99	3.8703	2.7025
386.99	3.1859	3.3286
387.99	2.4463	3.818
388.99	1.4693	4.0151
389.99	0.58242	4.0359
390.99	-0.4392	3.9191
391.99	-1.0153	3.6425
392.99	-1.7204	3.217
393.99	-2.091	2.8914
394.99	-2.562	2.3825
396	-2.8661	1.7983
397	-3.1472	0.91454
398	-3.2468	0.053227
399	-3.0686	-1.0587
400	-2.7153	-1.9183
401	-2.2741	-2.5346
402	-1.674	-3.1538
403	-1.0557	-3.5399
404	-0.14396	-3.8575
405.01	0.70788	-3.9813
406.01	1.5929	-3.9159
407.01	2.7615	-3.4962
408.01	3.7528	-2.7732
409.01	4.2737	-2.1037
410.01	4.8134	-0.82287
411.01	4.8947	0.57282
412.01	4.59	1.683
413.01	3.7966	2.9093
414.01	2.588	3.782
415.01	1.9823	4.0219
415.98	0.58478	4.1506
416.98	0.17936	4.0983
417.98	0.16577	4.09
418.99	0.13545	4.0719
419.99	-0.87529	3.789
420.99	-1.3575	3.5183
421.99	-1.5854	3.3694
422.99	-1.4205	3.1803
423.99	-0.35042	2.9158
424.99	0.74541	2.4412
425.99	0.86361	2.3536
426.99	0.86673	2.3284
427.99	0.8709	2.3148
429	0.86457	2.3171
430	0.86545	2.3179
431	0.86635	2.3192
432	0.87295	2.3166
433	0.8713	2.3153
434	0.86819	2.311
435	0.8823	2.2994
436	0.88134	2.2896
437	0.85343	2.2981
438	0.85272	2.3056
439.01	0.85766	2.3103
440.01	0.85868	2.2848
441.01	0.85841	2.2844
442.01	0.84911	2.2931
443.01	0.84806	2.3006
444.01	0.82513	2.2963
445.01	0.84026	2.3104
446.01	0.84272	2.296
447.01	0.86136	2.3411
448.01	0.86279	2.3334
449.01	0.87073	2.315
449.98	0.89319	2.3374
450.98	0.89327	2.3464
451.99	0.91351	2.3032
452.99	0.89739	2.2959
453.99	0.89067	2.2898
454.99	0.89807	2.2963
455.99	0.89213	2.2993
456.99	0.8926	2.2996
457.99	0.89171	2.283
458.99	0.8922	2.2827
459.99	0.89048	2.2807
460.99	0.88897	2.295
462	0.88827	2.3147
463	0.88795	2.2953
464	0.9044	2.3214
465	0.89051	2.325
466	0.8177	2.2978
467	0.78246	2.2496
468	0.79417	2.2722
469	0.77842	2.297
470	0.77979	2.3142
471	0.80754	2.3028
472.01	0.81638	2.3405
473.01	0.81539	2.3412
474.01	0.82239	2.3336
475.01	0.81641	2.3216
476.01	0.81394	2.307
477.01	0.81699	2.3118
478.01	0.82188	2.3348
479.01	0.81975	2.3185
480.01	0.80699	2.3065
481.01	0.81718	2.3032
482.01	0.8234	2.3143
482.98	0.81721	2.3133
483.98	0.81703	2.2951
484.98	0.83349	2.3039
485.99	0.82715	2.3102
486.99	0.82252	2.3243
487.99	0.74023	2.174
488.99	0.71829	2.1704
489.99	0.71009	2.1557
490.99	0.7153	2.1683
491.99	0.70737	2.1792
492.99	0.72538	2.1874
493.99	0.73619	2.1627
494.99	0.70005	2.1539
496	0.70542	2.1492
497	0.69595	2.1493
498	0.71019	2.154
499	0.6933	2.1807
500	0.70744	2.2076
501	0.69939	2.2051
502	0.68172	2.1892
503	0.7088	2.1969
504	0.69086	2.1969
505.01	0.67766	2.2277
506.01	0.68984	2.2071
507.01	0.68098	2.1979
508.01	0.6693	2.2018
509.01	0.69401	2.193
510.01	0.68156	2.1706
511.01	0.67076	2.1807
512.01	0.67161	2.1988
513.01	0.67355	2.1962
514.01	0.67341	2.1875
515.01	0.67031	2.1819
515.98	0.67136	2.1999
516.98	0.6595	2.1913
517.98	0.67203	2.1795
518.99	0.68176	2.1908
519.99	0.67161	2.2117
520.99	0.67753	2.2149
521.99	0.67186	2.1977
522.99	0.67213	2.1978
523.99	0.67626	2.1934
524.99	0.66362	2.1971
525.99	0.68108	2.1885
526.99	0.67785	2.2189
527.99	0.67094	2.2174
529	0.67259	2.2065
530	0.66601	2.1951
531	0.66644	2.1876
532	0.6603	2.1844
533	0.66936	2.2101
534	0.67432	2.2044
535	0.68302	2.1956
536	0.68461	2.1933
537	0.66776	2.1947
538	0.658	2.1951
539.01	0.65523	2.2316
540.01	0.65103	2.2277
541.01	0.6565	2.2469
542.01	0.65928	2.2547
543.01	0.65278	2.2441
544.01	0.66774	2.2384
545.01	0.65929	2.2293
546.01	0.67065	2.2183
547.01	0.65922	2.2197
548.01	0.6483	2.2575
549.01	0.6224	2.2743
549.98	0.63896	2.2554
550.98	0.60608	2.2736
551.99	0.61928	2.2873
552.99	0.64556	2.2783
553.99	0.63701	2.285
554.99	0.65685	2.2757
555.99	0.63757	2.2595
556.99	0.68125	2.2495
557.99	0.67402	2.2301
558.99	0.67396	2.248
559.99	0.60053	2.2257
560.99	0.58432	2.214
562	0.58466	2.2232
563	0.5519	2.1836
564	0.55954	2.2034
565	0.58508	2.2316
566	0.58278	2.2157
567	0.55734	2.1849
568	0.54606	2.2049
569	0.53924	2.2086
570	0.52077	2.1968
571	0.51605	2.215
572.01	0.52228	2.2243
573.01	0.51202	2.2059
574.01	0.52107	2.2415
575.01	0.52911	2.2151
576.01	0.52014	2.2151
577.01	0.52754	2.2085
578.01	0.52839	2.2041
579.01	0.51498	2.2158
580.01	0.53012	2.2313
581.01	0.52227	2.2274
582.01	0.5217	2.2277
582.98	0.49921	2.2193
583.98	0.52117	2.2281
584.98	0.49268	2.1871
585.99	0.47548	2.1864
586.99	0.48458	2.1649
587.99	0.48459	2.1684
588.99	0.47717	2.1786
589.99	0.49232	2.1876
590.99	0.48457	2.1865
591.99	0.49292	2.1861
592.99	0.48427	2.1792
593.99	0.47635	2.1702
594.99	0.47713	2.1749
596	0.48416	2.1868
597	0.48416	2.1867
598	0.5022	2.1853
599	0.49323	2.1792
