0	4.6226	0.19169
1.001	4.3141	1.1405
2.002	4.3755	1.3273
3.003	4.3395	1.31
4.004	4.7878	1.1117
5.005	4.6727	1.4712
6.006	4.5809	1.7515
7.007	4.0497	2.6179
8.008	3.3006	3.3307
9.009	2.2845	3.8812
10.01	2.1952	3.9375
11.011	1.6128	4.0872
12.012	0.48735	4.149
13.013	-0.78707	3.8367
14.014	-1.8072	3.2155
15.015	-2.6176	2.2671
16.016	-3.0485	1.3249
16.983	-3.2284	0.34078
17.984	-3.1275	-0.85819
18.985	-2.6582	-2.0401
19.986	-1.6705	-3.1591
20.987	-0.92036	-3.5897
21.988	0.4494	-3.963
22.989	1.6142	-3.7218
23.99	1.4413	-2.9509
24.991	0.58931	-1.2297
25.992	1.4279	0.69682
26.993	1.849	2.7687
27.994	1.221	4.1351
28.995	-0.16227	4.0363
29.996	-1.2571	3.5906
30.997	-1.9289	3.0588
31.998	-2.6443	2.2214
32.999	-3.0319	1.4002
34	-3.2111	0.48516
35.001	-3.0485	-1.1298
36.002	-2.5541	-2.1778
37.003	-1.6121	-3.1633
38.004	-0.86371	-3.6177
39.005	0.4588	-3.9612
40.006	1.999	-3.802
41.007	3.3142	-3.1437
42.008	3.9971	-2.4654
43.009	4.5965	-1.4757
44.01	4.6956	-1.2505
45.011	4.8965	-0.1912
46.012	4.7486	1.2515
47.013	4.3055	2.2078
48.014	4.1699	2.2938
49.015	3.3264	2.0532
50.016	1.9187	1.9451
50.984	0.082004	1.8816
51.985	-1.7642	1.1631
52.986	-3.0829	0.90396
53.987	-2.8384	-0.93759
54.988	-1.8994	-2.8683
55.989	-0.99551	-3.3444
56.99	0.44172	-3.405
57.991	2.2608	-3.4252
58.992	3.1449	-2.3834
59.993	4.081	-0.48513
60.994	3.4711	1.1117
61.995	3.7127	2.3059
62.996	2.6696	3.6556
63.997	1.0848	3.5066
64.998	-0.75149	2.5806
65.999	-2.1955	2.6543
67	-2.6749	1.3122
68.001	-2.1153	-0.59989
69.002	-0.55925	-1.3961
70.003	1.4266	-1.096
71.004	2.8142	-0.043044
72.005	4.5937	0.72285
73.006	4.624	1.1786
74.007	3.6111	2.4981
75.008	1.918	3.3441
76.009	0.70155	4.0556
77.01	-0.32601	3.4994
78.011	-1.9243	2.7331
79.012	-2.3334	0.9165
80.013	-1.1949	-0.75474
81.014	0.78641	-0.63395
82.015	2.1447	0.42924
83.016	3.4866	0.95795
83.983	4.7585	0.84106
84.984	4.7045	1.1054
85.985	4.6524	1.5592
86.986	4.2145	2.3928
87.987	3.0442	3.5389
88.988	2.0694	3.971
89.989	2.0103	3.9768
90.99	1.2027	2.7458
91.991	1.2072	2.758
92.992	1.2	2.7687
93.993	1.2042	2.7382
94.994	1.1089	2.8104
95.995	1.106	2.8008
96.996	1.0981	2.8371
97.997	1.095	2.8522
98.998	1.0932	2.8593
100	1.0878	2.8541
101	1.6846	3.399
102	2.0337	3.9728
103	2.3288	3.8801
104	3.312	3.3404
105.01	4.1729	2.4284
106.01	4.4084	2.0596
107.01	4.8354	0.86191
108.01	4.8238	-0.69591
109.01	4.7021	-1.1315
110.01	4.3278	-1.9944
111.01	3.2315	-3.1953
112.01	2.2863	-3.6936
113.01	1.7469	-3.8462
114.01	1.7577	-3.832
114.98	1.7046	-3.8849
115.98	1.3991	-3.963
116.98	0.64535	-3.973
117.98	-0.55303	-3.7552
118.99	-1.8803	-2.948
119.99	-2.609	-2.0617
120.99	-3.0964	-0.91782
121.99	-3.2222	0.075457
122.99	-3.0276	1.3232
123.99	-2.5618	2.2388
124.99	-1.1109	3.2453
125.99	-0.069014	3.7263
126.99	1.0062	3.8854
127.99	2.8979	3.1509
129	3.4263	3.1836
130	3.5625	3.0421
131	4.1399	2.4527
132	4.4713	1.9237
133	4.8118	1.0159
134	4.8554	-0.5003
135	4.549	-1.5548
136	4.0076	-2.4386
137	3.2869	-3.1613
138	1.8286	-3.8661
139.01	0.3657	-3.9479
140.01	-0.57461	-3.7401
141.01	-1.9335	-2.8941
142.01	-2.811	-1.7255
143.01	-3.2199	-0.18705
144.01	-3.2001	0.50924
145.01	-3.1212	0.89372
146.01	-3.1177	1.0556
147.01	-2.7564	2.0394
148.01	-1.7763	3.2117
149.01	-0.5107	3.9453
149.98	1.033	4.1376
150.98	1.5694	4.08
151.99	2.6899	3.7072
152.99	3.9582	2.7189
153.99	4.4943	1.9101
154.99	4.9138	0.076951
155.99	4.4443	-1.8081
156.99	4.0149	-2.4642
157.99	2.6529	-3.5593
158.99	0.76136	-3.9852
159.99	-0.81308	-3.6355
160.99	-1.9896	-2.8489
162	-2.8239	-1.7025
163	-3.1211	-0.82389
164	-3.198	-0.37328
165	-3.1883	-0.36346
166	-3.1748	-0.34106
167	-3.1728	-0.33849
168	-3.1987	-0.32835
169	-3.1891	-0.33735
170	-3.1733	-0.33921
171	-3.152	-0.32633
172.01	-3.2105	-0.34913
173.01	-3.2274	-0.16104
174.01	-3.2171	0.14255
175.01	-3.2095	0.17142
176.01	-3.1644	0.85999
177.01	-2.786	1.9507
178.01	-2.0146	2.994
179.01	-1.5434	3.3912
180.01	-0.82634	3.7133
181.01	-0.72375	3.8479
182.01	-0.68352	3.8746
182.98	-0.61734	3.916
183.98	-0.83297	3.8478
184.98	-1.0043	3.7486
185.99	-1.3054	3.5825
186.99	-1.7974	3.2134
187.99	-2.238	2.7741
188.99	-2.5082	2.4095
189.99	-2.6067	2.2664
190.99	-2.4078	2.0267
191.99	-2.3077	2.1451
192.99	-2.3161	2.1199
193.99	-2.314	2.134
194.99	-2.3073	2.1354
196	-1.213	2.8978
197	-0.13105	3.9051
198	0.80065	3.9803
199	2.6499	3.6974
200	3.2059	3.4206
201	3.9593	2.7121
202	4.3633	2.1302
203	4.8504	0.82162
204	4.7762	-0.9649
205.01	3.956	-2.5402
206.01	2.6903	-3.542
207.01	1.3542	-3.9479
208.01	0.12483	-3.9196
209.01	-1.378	-3.342
210.01	-2.4568	-2.2949
211.01	-2.9034	-1.5044
212.01	-3.0629	-1.0723
213.01	-3.2287	0.071432
214.01	-3.2287	0.27613
215.01	-3.1382	0.89574
215.98	-2.9205	1.6471
216.98	-2.3792	2.5948
217.98	-1.6641	3.2527
218.99	-0.69889	3.8289
219.99	-0.24615	3.9959
220.99	0.04232	4.0926
221.99	1.0037	4.1548
222.99	1.2706	4.1354
223.99	2.348	3.8807
224.99	3.5053	3.1922
225.99	4.5104	1.8654
226.99	4.767	1.2066
227.99	4.8833	-0.3972
229	4.6648	-1.2668
230	4.5116	-1.2621
231	3.6531	-1.1623
232	2.8072	-0.85312
233	1.8851	-0.68082
234	0.47703	-0.8639
235	-0.92467	-1.0308
236	-1.5066	-0.52024
237	-1.4884	-0.55684
238	-1.4731	-0.56729
239.01	-1.4721	-0.57512
240.01	-1.4698	-0.57344
241.01	-1.5258	-0.3239
242.01	-1.5392	-0.34209
243.01	-1.5092	-0.33852
244.01	-1.512	-0.33578
245.01	-1.5054	-0.34054
246.01	-1.4984	-0.33196
247.01	-1.4993	-0.33101
248.01	-1.4984	-0.33988
249.01	-1.4973	-0.34214
249.98	-1.4911	-0.34894
250.98	-1.5051	-0.35289
251.99	-1.5107	-0.3452
252.99	-1.4964	-0.34255
253.99	-1.4988	-0.33943
254.99	-1.4965	-0.34212
255.99	-1.4957	-0.34277
256.99	-1.4938	-0.34485
257.99	-1.4871	-0.34265
258.99	-1.4822	-0.34786
259.99	-1.4386	-0.45799
260.99	-1.2736	-0.44945
262	-1.2826	-0.44914
263	-1.2769	-0.46381
264	-1.2833	-0.44791
265	-1.2736	-0.44969
266	-1.2317	-0.41823
267	-0.86386	0.074254
268	-0.31352	1.4345
269	-0.48377	1.598
270	-0.55391	1.5798
271	-0.52928	1.5872
272.01	-0.53774	1.5793
273.01	-0.53744	1.5796
274.01	-0.52394	1.5995
275.01	-0.72672	1.7293
276.01	-2.2115	2.6753
277.01	-2.201	2.7041
278.01	-2.3669	2.6438
279.01	-2.5096	2.4295
280.01	-2.6112	2.2785
281.01	-2.7613	2.0078
282.01	-3.0007	1.4673
282.98	-3.183	0.75221
283.98	-3.2369	-0.097717
284.98	-3.1021	-0.96686
285.99	-2.7091	-1.9199
286.99	-2.1054	-2.7329
287.99	-1.5732	-3.2052
288.99	-0.72556	-3.6757
289.99	0.091185	-3.9173
290.99	0.5507	-3.9785
291.99	1.1734	-3.9736
292.99	1.4413	-3.9343
293.99	1.7064	-3.8669
294.99	2.1603	-3.7652
296	3.1174	-3.2962
297	3.8784	-2.6141
298	4.4455	-1.8076
299	4.7956	-0.89172
300	4.9066	-0.071743
301	4.8775	0.65252
302	4.6688	1.5037
303	4.4577	1.9834
304	4.3188	2.2129
305.01	4.3362	2.2148
306.01	3.9913	2.6848
307.01	3.5011	3.1885
308.01	3.224	3.4057
309.01	2.1966	3.9364
310.01	2.0612	3.9725
311.01	1.5396	4.1147
312.01	0.47379	4.155
313.01	-0.41043	3.9762
314.01	-1.2418	3.6172
315.01	-1.8654	3.1473
315.98	-2.3903	2.5776
316.98	-2.7895	1.9373
317.98	-3.0292	1.3777
318.99	-3.2097	0.51904
319.99	-3.2211	0.064187
320.99	-3.1838	-0.5025
321.99	-2.9806	-1.3398
322.99	-2.6317	-2.0498
323.99	-1.8431	-2.9816
324.99	-1.1967	-3.4586
325.99	-0.40605	-3.7984
326.99	0.28074	-3.9523
327.99	0.67259	-3.9728
329	1.2224	-3.9937
330	1.6487	-3.918
331	1.5983	-3.9204
332	1.6103	-3.9331
333	1.6287	-3.9059
334	1.639	-3.8908
335	1.7069	-3.8866
336	1.6757	-3.8812
337	1.6676	-3.8733
338	1.6584	-3.9183
339.01	1.6591	-3.8838
340.01	1.6234	-3.9107
341.01	1.6137	-3.9095
342.01	1.6393	-3.9345
343.01	2.0492	-3.8158
344.01	2.7688	-3.4956
345.01	3.4126	-3.0712
346.01	3.9755	-2.5052
347.01	4.3516	-1.9929
348.01	4.5767	-1.5463
349.01	4.5795	-1.5751
349.98	4.5953	-1.5209
350.98	4.557	-1.5698
351.99	4.5374	-1.6045
352.99	4.5601	-1.6
353.99	4.5626	-1.5767
354.99	4.5874	-1.5303
355.99	4.5629	-1.5647
356.99	4.557	-1.5762
357.99	4.5691	-1.5723
358.99	4.5573	-1.5594
359.99	4.5446	-1.5586
360.99	4.5459	-1.6047
362	4.5454	-1.6003
363	4.5332	-1.6269
364	4.5125	-1.6415
365	4.5273	-1.6576
366	4.5164	-1.6504
367	4.583	-1.497
368	4.5981	-1.5034
369	4.5818	-1.4876
370	4.58	-1.4678
371	4.5905	-1.4697
372.01	4.5802	-1.4425
373.01	4.5922	-1.4449
374.01	4.6166	-1.4415
375.01	4.7961	-0.89495
376.01	4.9056	-0.26769
377.01	4.8768	0.69685
378.01	4.595	1.6823
379.01	4.1986	2.4136
380.01	3.8843	2.8183
381.01	3.2851	3.3599
382.01	2.3578	3.8738
382.98	1.6604	4.0627
383.98	0.87659	4.1391
384.98	0.33757	4.1192
385.99	-0.51918	3.9277
386.99	-0.96666	3.7379
387.99	-1.2617	3.6123
388.99	-1.6699	3.3193
389.99	-2.0879	2.9488
390.99	-2.5257	2.4186
391.99	-2.9196	1.6985
392.99	-3.057	1.3158
393.99	-3.2182	0.48097
394.99	-3.2293	-0.14469
396	-3.1634	-0.68831
397	-2.9837	-1.3424
398	-2.6614	-2.0159
399	-2.1242	-2.7246
400	-1.6259	-3.1862
401	-1.065	-3.5228
402	-0.067301	-3.8867
403	0.39492	-3.973
404	0.77172	-3.9964
405.01	0.71453	-4.0132
406.01	0.71895	-3.9836
407.01	0.70943	-3.9752
408.01	0.68923	-3.9976
409.01	0.66727	-3.9761
410.01	0.67058	-3.9702
411.01	0.65655	-3.9744
412.01	0.64477	-3.9707
413.01	0.62004	-3.9755
414.01	0.61939	-3.9748
415.01	0.59216	-3.9722
415.98	0.6048	-3.9957
416.98	0.58815	-3.9943
417.98	0.56675	-3.973
418.99	0.57051	-3.9672
419.99	0.58088	-3.9535
420.99	0.58869	-3.9522
421.99	0.57664	-3.9824
422.99	0.64868	-3.9949
423.99	0.62271	-3.9952
424.99	0.64535	-3.973
425.99	0.62688	-3.9728
426.99	0.64569	-3.9943
427.99	0.64505	-3.973
429	0.62541	-3.9754
430	0.67043	-3.9745
431	0.66337	-3.973
432	0.67019	-3.9486
433	0.67015	-3.9306
434	0.71661	-3.9556
435	0.7159	-3.9543
436	0.70086	-3.9625
437	0.71632	-3.9553
438	0.70921	-3.9536
439.01	0.73556	-3.9984
440.01	0.84216	-3.9992
441.01	1.3561	-3.957
442.01	1.7212	-3.9182
443.01	1.7025	-3.8946
444.01	1.6901	-3.8877
445.01	1.6956	-3.8936
446.01	1.6889	-3.8829
447.01	1.6934	-3.8808
448.01	1.6796	-3.8567
449.01	1.693	-3.8813
449.98	1.6868	-3.867
450.98	1.6833	-3.88
451.99	1.6952	-3.8792
452.99	1.7057	-3.8769
453.99	1.7135	-3.8662
454.99	1.6953	-3.8953
455.99	1.6983	-3.8871
456.99	1.7136	-3.8848
457.99	1.7036	-3.8826
458.99	1.7138	-3.8669
459.99	1.7067	-3.8656
460.99	1.6913	-3.8562
462	1.7205	-3.8526
463	1.7025	-3.8546
464	1.7045	-3.851
465	1.7047	-3.8441
466	1.7009	-3.8428
467	1.7036	-3.849
468	1.7041	-3.8467
469	1.7129	-3.8562
470	1.7121	-3.8637
471	1.6981	-3.8772
472.01	1.6834	-3.9165
473.01	1.6926	-3.925
474.01	1.7322	-3.9055
475.01	1.7242	-3.9027
476.01	1.72	-3.9073
477.01	1.7199	-3.907
478.01	1.7197	-3.9069
479.01	1.7228	-3.9017
480.01	1.7206	-3.9091
481.01	1.727	-3.9062
482.01	1.7203	-3.9073
482.98	1.7208	-3.8988
483.98	1.7292	-3.8827
484.98	1.7288	-3.8906
485.99	1.7281	-3.8902
486.99	1.7206	-3.8986
487.99	1.7229	-3.8843
488.99	1.7288	-3.8818
489.99	1.7207	-3.8816
490.99	1.7265	-3.8867
491.99	1.7215	-3.891
492.99	1.7152	-3.9031
493.99	1.7225	-3.9026
494.99	1.7204	-3.8992
496	1.7227	-3.8928
497	1.722	-3.8923
498	1.7155	-3.9035
499	1.7202	-3.9073
500	1.722	-3.9023
501	1.7186	-3.906
502	1.7219	-3.8751
503	1.7207	-3.8816
504	1.7218	-3.8824
505.01	1.7202	-3.8907
506.01	1.7229	-3.876
507.01	1.7207	-3.8731
508.01	1.7194	-3.8715
509.01	1.7343	-3.9041
510.01	1.7383	-3.8729
511.01	1.7308	-3.8734
512.01	1.7386	-3.8732
513.01	1.7395	-3.892
514.01	1.7202	-3.9263
515.01	1.7043	-3.929
515.98	1.7426	-3.9031
516.98	1.7247	-3.9121
517.98	1.6871	-3.9114
518.99	1.6863	-3.9187
519.99	1.7366	-3.9338
520.99	1.7107	-3.9353
521.99	1.7215	-3.9192
522.99	1.7036	-3.9277
523.99	1.7044	-3.9351
524.99	1.7129	-3.919
525.99	1.7129	-3.919
526.99	1.7118	-3.911
527.99	1.7134	-3.9095
529	1.7142	-3.9088
530	1.715	-3.9171
531	1.7078	-3.9159
532	1.7142	-3.9177
533	1.7073	-3.9158
534	1.7129	-3.919
535	1.7129	-3.919
536	1.7221	-3.9272
537	1.7129	-3.919
538	1.7121	-3.9112
539.01	1.7209	-3.9102
540.01	1.7132	-3.9187
541.01	1.7124	-3.8939
542.01	1.7051	-3.8918
543.01	1.706	-3.9081
544.01	1.7156	-3.9158
545.01	1.7147	-3.9172
546.01	1.7228	-3.9076
547.01	1.7127	-3.9197
548.01	1.7157	-3.9164
549.01	1.7136	-3.9182
549.98	1.7142	-3.9267
550.98	1.7211	-3.9112
551.99	1.7253	-3.897
552.99	1.7185	-3.8965
553.99	1.7114	-3.912
554.99	1.7124	-3.8939
555.99	1.7124	-3.8939
556.99	1.7213	-3.8945
557.99	1.7144	-3.908
558.99	1.715	-3.9171
559.99	1.7142	-3.9177
560.99	1.713	-3.9195
562	1.7148	-3.9249
563	1.7142	-3.9177
564	1.7203	-3.9206
565	1.7229	-3.9265
566	1.7151	-3.9255
567	1.7121	-3.9112
568	1.714	-3.9177
569	1.7137	-3.9184
570	1.7229	-3.9265
571	1.7308	-3.919
572.01	1.7183	-3.8967
573.01	1.7127	-3.8937
574.01	1.7134	-3.9095
575.01	1.7191	-3.8939
576.01	1.7137	-3.9093
577.01	1.7142	-3.9088
578.01	1.7157	-3.9164
579.01	1.7137	-3.9182
580.01	1.715	-3.9333
581.01	1.7224	-3.9164
582.01	1.7137	-3.9272
582.98	1.7142	-3.9088
583.98	1.719	-3.8867
584.98	1.7142	-3.9088
585.99	1.7159	-3.9161
586.99	1.7134	-3.9095
587.99	1.706	-3.9081
588.99	1.715	-3.9171
589.99	1.7209	-3.9282
590.99	1.74	-3.9263
591.99	1.7313	-3.9266
592.99	1.7409	-3.9265
593.99	1.7741	-3.9119
594.99	1.7756	-3.919
596	1.7661	-3.892
597	1.7495	-3.8923
598	1.7654	-3.8941
598.97	1.7756	-3.9174
