0	3.2222	1.2804
1.001	1.2503	-0.048116
2.002	0.079359	-1.8806
3.003	-1.4471	-3.2071
4.004	-2.2108	-2.5526
5.005	-2.8936	-1.4331
6.006	-3.1998	-0.016493
7.007	-2.6033	1.8498
8.008	-1.7578	3.2282
9.009	-0.60999	3.8919
10.01	1.4165	4.1158
11.011	3.0835	3.4872
12.012	3.492	3.2028
13.013	3.7903	2.9162
14.014	4.8716	0.67894
15.015	4.8964	-0.23334
16.016	4.4821	-1.7205
16.983	3.4873	-2.9852
17.984	1.6866	-3.8745
18.985	-0.088398	-3.8724
19.986	-1.926	-2.9111
20.987	-2.8095	-1.6693
21.988	-3.1555	-0.74951
22.989	-3.1995	0.62315
23.99	-2.7429	2.0081
24.991	-2.1016	2.8908
25.992	-0.48616	3.941
26.993	0.86835	4.1539
27.994	2.7664	3.6626
28.995	2.9012	3.6024
29.996	4.1184	2.5218
30.997	4.9072	0.21206
31.998	4.621	-1.3941
32.999	4.2398	-2.1512
34	3.1279	-3.271
35.001	1.6568	-3.9086
36.002	0.2696	-3.9544
37.003	-0.98308	-3.5573
38.004	-2.3307	-2.4735
39.005	-2.8847	-1.5743
40.006	-3.0959	-0.90669
41.007	-3.225	0.17551
42.008	-3.1632	0.84042
43.009	-3.0307	1.3274
44.01	-2.4464	2.4913
45.011	-1.3439	3.5412
46.012	-0.94763	3.7609
47.013	-0.34107	4.0021
48.014	1.6592	4.0792
49.015	2.8628	3.6522
50.016	4.4001	2.0931
50.984	4.831	0.86807
51.985	4.8948	-0.28564
52.986	4.6534	-1.3268
53.987	4.0885	-2.3517
54.988	2.5419	-3.582
55.989	1.1567	-3.9631
56.99	-0.17093	-3.8381
57.991	-1.2695	-3.3947
58.992	-1.8729	-2.9574
59.993	-2.4395	-2.2784
60.994	-2.8587	-1.6121
61.995	-3.0457	-1.1358
62.996	-3.1667	-0.60847
63.997	-3.183	0.69972
64.998	-3.0803	1.2147
65.999	-2.598	2.3017
67	-2.2195	2.7927
68.001	-2.1507	2.8602
69.002	-1.7442	3.1043
70.003	-0.097154	3.386
71.004	1.7744	3.8372
72.005	2.1167	3.9387
73.006	2.1433	3.9614
74.007	2.7259	3.7117
75.008	3.9669	2.7185
76.009	4.7951	1.0904
77.01	4.7419	-1.0565
78.011	4.6179	-1.4277
79.012	4.3418	-1.9568
80.013	3.6081	-2.8719
81.014	1.6779	-3.8747
82.015	0.22445	-3.9289
83.016	-0.99446	-3.541
83.983	-2.2117	-2.6335
84.984	-2.9393	-1.4685
85.985	-3.1302	-0.78873
86.986	-3.2109	0.37717
87.987	-3.135	1.0008
88.988	-2.9678	1.5137
89.989	-2.75	2.0241
90.99	-1.9702	3.0475
91.991	-0.94026	3.7571
92.992	-0.55581	3.8925
93.993	0.71775	4.1648
94.994	2.2146	3.9264
95.995	3.4055	3.2618
96.996	4.1519	2.4836
97.997	4.5322	1.8328
98.998	4.8534	0.7461
100	4.8593	-0.53691
101	4.5989	-1.0654
102	3.4654	-0.83767
103	2.1957	-1.4869
104	1.3724	-2.8065
105.01	0.9105	-3.9067
106.01	0.90563	-3.8736
107.01	0.9125	-3.9078
108.01	0.91345	-3.8814
109.01	0.92489	-3.9102
110.01	0.77968	-3.9552
111.01	0.64743	-3.9625
112.01	-0.18047	-3.8459
113.01	-1.4325	-3.2971
114.01	-2.6689	-2.0227
114.98	-2.9736	-1.3412
115.98	-3.2209	-0.10727
116.98	-3.2003	0.59722
117.98	-2.8937	1.7369
118.99	-2.3483	2.6176
119.99	-1.9552	3.0492
120.99	-0.63517	3.8902
121.99	1.3796	4.115
122.99	1.8656	4.037
123.99	3.1007	3.4865
124.99	4.2917	2.2642
125.99	4.9052	0.24934
126.99	4.5236	-1.6459
127.99	3.8501	-2.6497
129	2.9695	-3.3909
130	1.4807	-3.9196
131	0.035053	-3.8974
132	-1.1137	-3.4626
133	-1.9172	-2.9191
134	-2.727	-1.8836
135	-2.9565	-1.378
136	-3.2184	-0.13454
137	-3.1563	0.82462
138	-3.1636	0.82376
139.01	-3.1397	0.83532
140.01	-3.1413	0.89914
141.01	-3.1223	0.89822
142.01	-3.1463	0.86903
143.01	-3.1315	0.88957
144.01	-3.1223	0.88825
145.01	-3.1014	1.1016
146.01	-2.9877	1.4723
147.01	-2.7659	2.0307
148.01	-2.3138	2.6817
149.01	-2.1122	2.9179
149.98	-1.7799	3.2257
150.98	-1.4969	3.4418
151.99	-0.83672	3.8232
152.99	0.0081719	4.063
153.99	1.0163	4.1639
154.99	1.5715	4.0833
155.99	2.4995	3.8173
156.99	3.4246	3.244
157.99	3.988	2.687
158.99	4.0183	2.6645
159.99	3.9864	2.6855
160.99	4.2591	2.3226
162	4.6861	1.4479
163	4.9075	0.25001
164	4.7154	-1.1265
165	4.2058	-2.1979
166	3.0869	-3.2941
167	1.479	-3.9105
168	0.61509	-3.958
169	0.331	-3.9296
170	-0.37367	-3.7897
171	-1.0377	-3.5392
172.01	-1.0404	-3.5426
173.01	-1.0483	-3.5137
174.01	-1.0389	-3.5138
175.01	-1.0476	-3.5051
176.01	-1.0113	-3.5313
177.01	-0.99717	-3.5597
178.01	-0.98659	-3.5602
179.01	-0.98171	-3.5555
180.01	-0.97441	-3.5569
181.01	-0.97726	-3.525
182.01	-0.97663	-3.5412
182.98	-0.96598	-3.5574
183.98	-0.97244	-3.546
184.98	-0.97284	-3.5555
185.99	-0.96651	-3.5483
186.99	-0.95607	-3.5811
187.99	-0.97143	-3.5716
188.99	-0.99045	-3.5556
189.99	-1.1291	-3.4955
190.99	-1.6353	-3.1423
191.99	-1.7398	-3.0491
192.99	-2.3036	-2.5001
193.99	-2.9223	-1.4591
194.99	-3.102	-0.93052
196	-3.2222	0.072731
197	-3.134	0.96404
198	-2.9465	1.6108
199	-2.7072	2.0798
200	-2.3218	2.6712
201	-1.6099	3.3597
202	-0.81277	3.8365
203	0.12034	4.0855
204	0.2413	4.134
205.01	0.48555	4.1445
206.01	1.0031	4.1511
207.01	1.6183	4.0746
208.01	2.4647	3.845
209.01	3.3527	3.3059
210.01	3.8866	2.8022
211.01	4.1368	2.4868
212.01	4.356	2.1232
213.01	4.6159	1.6281
214.01	4.8766	0.64297
215.01	4.8241	-0.6978
215.98	4.6956	-1.2075
216.98	4.2765	-2.0803
217.98	3.5753	-2.9213
218.99	2.5589	-3.5811
219.99	1.1926	-3.9493
220.99	0.58377	-3.9555
221.99	0.5219	-3.9617
222.99	0.57712	-3.9775
223.99	0.58001	-3.975
224.99	0.5763	-3.9617
225.99	0.56777	-3.9602
226.99	0.56708	-3.961
227.99	0.52757	-3.9419
229	0.14349	-3.91
230	-0.11615	-3.8736
231	-0.46417	-3.7489
232	-1.5801	-3.1851
233	-2.5743	-2.1251
234	-3.056	-1.1082
235	-3.2282	0.1783
236	-3.1193	1.0392
237	-3.0302	1.3892
238	-2.9954	1.4617
239.01	-2.9694	1.5343
240.01	-3.0016	1.4943
241.01	-3.0105	1.4679
242.01	-3.0195	1.4505
243.01	-3.0218	1.4348
244.01	-3.0293	1.4156
245.01	-3.0184	1.4492
246.01	-3.0293	1.4336
247.01	-3.0189	1.4319
248.01	-3.0294	1.4339
249.01	-3.0249	1.4203
249.98	-3.0124	1.4421
250.98	-3.0277	1.4237
251.99	-3.0213	1.4429
252.99	-3.0191	1.4231
253.99	-3.0182	1.422
254.99	-3.021	1.4158
255.99	-3.0274	1.4318
256.99	-3.0255	1.4299
257.99	-3.0194	1.4319
258.99	-3.0131	1.4256
259.99	-3.0264	1.4025
260.99	-3.0197	1.415
262	-3.0346	1.4025
263	-3.0386	1.3885
264	-3.0376	1.3878
265	-3.0388	1.3799
266	-3.0557	1.343
267	-3.0419	1.3559
268	-3.0468	1.3432
269	-3.0489	1.3352
270	-3.0504	1.3459
271	-3.0555	1.3164
272.01	-3.0516	1.3386
273.01	-3.0545	1.3418
274.01	-3.0532	1.3409
275.01	-3.0548	1.3329
276.01	-3.0553	1.3174
277.01	-3.0535	1.3229
278.01	-3.0501	1.329
279.01	-3.0548	1.3247
280.01	-3.0406	1.3373
281.01	-3.0408	1.3461
282.01	-3.0539	1.3413
282.98	-3.0556	1.3254
283.98	-3.0531	1.3226
284.98	-3.0536	1.333
285.99	-3.0497	1.3275
286.99	-3.0479	1.3367
287.99	-3.0485	1.3449
288.99	-3.0525	1.3404
289.99	-3.0534	1.3336
290.99	-3.0514	1.3389
291.99	-3.0527	1.3218
292.99	-3.0468	1.3351
293.99	-3.0451	1.3337
294.99	-3.0398	1.3451
296	-3.0447	1.3408
297	-3.0396	1.3266
298	-3.0384	1.3338
299	-3.0467	1.3251
300	-3.0397	1.3272
301	-3.0278	1.3682
302	-3.039	1.3436
303	-3.0456	1.325
304	-3.0396	1.3266
305.01	-3.0432	1.332
306.01	-3.0397	1.3265
307.01	-3.046	1.3341
308.01	-3.0388	1.3453
309.01	-3.0493	1.3364
310.01	-3.0367	1.3413
311.01	-3.0443	1.3313
312.01	-3.0386	1.3254
313.01	-3.026	1.3405
314.01	-3.0385	1.3434
315.01	-3.0308	1.3447
315.98	-3.0396	1.3258
316.98	-3.0562	1.3249
317.98	-3.0648	1.3343
318.99	-3.0417	1.3461
319.99	-3.0402	1.3259
320.99	-3.03	1.3077
321.99	-3.0152	1.2834
322.99	-3.032	1.3009
323.99	-3.0229	1.2759
324.99	-3.0222	1.293
325.99	-3.0222	1.3104
326.99	-3.0214	1.2906
327.99	-3.0135	1.2891
329	-3.0214	1.3085
330	-3.0243	1.2916
331	-3.0307	1.274
332	-3.0141	1.2731
333	-3.0258	1.2533
334	-3.0215	1.2637
335	-3.0213	1.2713
336	-3.023	1.2925
337	-3.0302	1.2905
338	-3.0226	1.2925
339.01	-3.02	1.2714
340.01	-3.0123	1.2813
341.01	-3.0127	1.2656
342.01	-3.0143	1.2925
343.01	-3.0061	1.2918
344.01	-3.0072	1.2848
345.01	-3.0047	1.3082
346.01	-3.0043	1.2751
347.01	-3.0127	1.2994
348.01	-3.0155	1.2743
349.01	-3.0132	1.29
349.98	-3.0058	1.2921
350.98	-3.0055	1.3
351.99	-3.0137	1.3003
352.99	-3.0211	1.3091
353.99	-2.9677	1.5498
354.99	-2.9325	1.633
355.99	-2.8378	1.8703
356.99	-2.5332	2.3882
357.99	-2.3098	2.7041
358.99	-2.2185	2.8088
359.99	-1.737	3.2343
360.99	-1.4958	3.434
362	-1.0597	3.7065
363	-1.0759	3.7215
364	-1.0226	3.7398
365	-1.0065	3.6989
366	-0.70312	3.8689
367	-0.59055	3.9343
368	-0.17913	4.0347
369	0.71064	4.1716
370	1.2557	4.1337
371	2.1775	3.9354
372.01	3.049	3.5048
373.01	3.6233	3.0584
374.01	4.1553	2.4499
375.01	4.3169	2.2365
376.01	4.7782	1.1452
377.01	4.9077	0.33021
378.01	4.8886	-0.27035
379.01	4.538	-1.5875
380.01	3.7514	-2.7662
381.01	2.3922	-3.655
382.01	1.022	-3.9619
382.98	0.44689	-3.9486
383.98	0.4501	-3.9713
384.98	0.4059	-3.939
385.99	0.38765	-3.9514
386.99	0.0080222	-3.8869
387.99	-0.87678	-3.6035
388.99	-2.0202	-2.8274
389.99	-2.9468	-1.4309
390.99	-3.2137	-0.19548
391.99	-3.1697	0.78266
392.99	-3.0911	1.1369
393.99	-2.7397	2.0752
394.99	-2.1596	2.8508
396	-1.809	3.2093
397	-0.71573	3.8557
398	-0.33554	3.9967
399	-0.20833	4.037
400	-0.19779	4.0461
401	-0.1875	4.0576
402	-0.19121	4.0526
403	-0.18917	4.045
404	-0.18825	4.0287
405.01	-0.19028	4.0341
406.01	-0.18128	4.046
407.01	-0.1822	4.0364
408.01	-0.20112	4.0507
409.01	-0.20106	4.05
410.01	-0.20855	4.016
411.01	-0.19865	4.0357
412.01	-0.19863	4.0455
413.01	-0.19718	4.0395
414.01	-0.20112	4.05
415.01	-0.1931	4.0506
415.98	-0.1912	4.0361
416.98	-0.19199	4.0372
417.98	-0.19041	4.0382
418.99	-0.19029	4.038
419.99	-0.19101	4.0233
420.99	-0.20648	4.0285
421.99	-0.20024	4.0355
422.99	-0.19934	4.0191
423.99	-0.20729	4.0352
424.99	-0.20913	4.0361
425.99	-0.20778	4.0367
426.99	-0.20802	4.0363
427.99	-0.20085	4.0524
429	-0.21463	4.0208
430	-0.21415	4.0183
431	-0.20976	4.0322
432	-0.2177	4.0326
433	-0.21686	4.0355
434	-0.21666	4.0375
435	-0.2202	4.0431
436	-0.22525	4.0184
437	-0.21797	4.0193
438	-0.22535	4.0083
439.01	-0.23398	4.0361
440.01	-0.22627	4.0346
441.01	-0.21571	4.0276
442.01	-0.21238	4.0277
443.01	-0.19013	4.0034
444.01	-0.17954	3.9839
445.01	-0.18068	4.0081
446.01	-0.17933	4.0367
447.01	-0.10077	4.0717
448.01	0.17195	4.1324
449.01	0.88654	4.1356
449.98	0.98694	4.1719
450.98	1.0291	4.1683
451.99	1.396	4.1248
452.99	2.0015	3.9854
453.99	2.6866	3.7356
454.99	3.0926	3.4948
455.99	3.7612	2.9544
456.99	4.0567	2.595
457.99	4.3216	2.2231
458.99	4.7955	1.0739
459.99	4.8875	-0.34078
460.99	4.7775	-0.93155
462	4.3666	-1.9189
463	3.3812	-3.0583
464	2.053	-3.7749
465	0.68248	-3.9567
466	0.6418	-3.9583
467	0.66519	-3.9943
468	0.66754	-3.9691
469	0.68214	-3.969
470	0.67294	-3.9724
471	0.68518	-3.9755
472.01	0.64927	-3.9967
473.01	0.64331	-3.9854
474.01	0.63906	-3.9707
475.01	0.63115	-3.9697
476.01	0.64637	-3.9536
477.01	0.64749	-3.9532
478.01	0.65987	-3.9914
479.01	0.65522	-3.9718
480.01	0.64908	-3.9697
481.01	0.66334	-3.9536
482.01	0.63868	-3.9534
482.98	0.6388	-3.9711
483.98	0.58627	-3.969
484.98	0.18871	-3.9365
485.99	0.21648	-3.925
486.99	0.18807	-3.9287
487.99	0.18915	-3.9541
488.99	0.22246	-3.9286
489.99	0.19768	-3.945
490.99	0.19729	-3.9369
491.99	0.11551	-3.9115
492.99	-0.25324	-3.837
493.99	-0.79013	-3.6417
494.99	-1.4586	-3.2961
496	-2.3643	-2.4361
497	-2.9378	-1.449
498	-3.1848	-0.4674
499	-3.2029	0.57606
500	-3.0666	1.2371
501	-2.9304	1.6302
502	-2.5453	2.3749
503	-1.9178	3.0851
504	-1.4857	3.452
505.01	-0.56515	3.9189
506.01	0.60026	4.1428
507.01	1.8538	4.0443
508.01	2.7709	3.6852
509.01	3.8271	2.8666
510.01	4.0836	2.5596
511.01	4.0752	2.5768
512.01	4.1484	2.4627
513.01	4.2275	2.3605
514.01	4.5269	1.8446
515.01	4.8609	0.732
515.98	4.8599	-0.53772
516.98	4.4614	-1.7526
517.98	3.5236	-2.9432
518.99	2.3924	-3.639
519.99	1.3174	-3.9445
520.99	-0.054675	-3.8741
521.99	-0.89241	-3.5918
522.99	-2.0084	-2.8239
523.99	-2.0502	-2.7855
524.99	-2.0363	-2.8169
525.99	-2.0352	-2.8139
526.99	-2.0342	-2.8321
527.99	-2.0268	-2.8147
529	-2.0262	-2.8329
530	-2.0169	-2.8152
531	-2.0166	-2.8057
532	-2.0238	-2.8049
533	-2.0172	-2.7982
534	-2.0094	-2.7981
535	-2.0101	-2.8084
536	-2.0229	-2.8032
537	-2.0237	-2.8047
538	-2.0164	-2.823
539.01	-2.0164	-2.8149
540.01	-2.0235	-2.8036
541.01	-2.0229	-2.7954
542.01	-2.0245	-2.7853
543.01	-2.0235	-2.7953
544.01	-2.0244	-2.8127
545.01	-2.0181	-2.7971
546.01	-2.0333	-2.7962
547.01	-2.0447	-2.7711
548.01	-2.0403	-2.7834
549.01	-2.0331	-2.7869
549.98	-2.0412	-2.7921
550.98	-2.0403	-2.7836
551.99	-2.0433	-2.788
552.99	-2.0427	-2.7944
553.99	-2.0356	-2.7874
554.99	-2.0427	-2.796
555.99	-2.0426	-2.7835
556.99	-2.0503	-2.7947
557.99	-2.0445	-2.7615
558.99	-2.044	-2.7878
559.99	-2.0434	-2.7969
560.99	-2.0494	-2.7856
562	-2.05	-2.7944
563	-2.0419	-2.803
564	-2.0521	-2.7696
565	-2.0432	-2.7861
566	-2.0374	-2.7642
567	-2.0574	-2.7826
568	-2.0568	-2.7716
569	-2.0453	-2.7903
570	-2.0579	-2.7829
571	-2.0514	-2.785
572.01	-2.0583	-2.7832
573.01	-2.0529	-2.762
574.01	-2.0517	-2.7765
575.01	-2.0505	-2.7948
576.01	-2.0568	-2.7897
577.01	-2.05	-2.7917
578.01	-2.043	-2.7839
579.01	-2.0514	-2.7689
580.01	-2.0508	-2.7586
581.01	-2.0528	-2.7882
582.01	-2.0611	-2.7915
582.98	-2.0608	-2.7749
583.98	-2.0609	-2.7752
584.98	-2.0689	-2.7589
585.99	-2.0606	-2.7881
586.99	-2.0609	-2.7839
587.99	-2.0704	-2.7616
588.99	-2.0612	-2.7761
589.99	-2.0595	-2.7597
590.99	-2.0611	-2.76
591.99	-2.0606	-2.7597
592.99	-2.061	-2.7747
593.99	-2.0606	-2.7732
594.99	-2.0676	-2.7768
596	-2.0599	-2.783
597	-2.0612	-2.7699
598	-2.0525	-2.7612
599	-2.0601	-2.7602
