0	4.3308	-1.9875
1.001	4.3207	-1.8034
2.002	2.1668	0.85047
3.003	2.1469	0.72965
4.004	2.127	0.67308
5.005	2.1265	0.70002
6.006	2.1167	0.68261
7.007	2.1351	0.67348
8.008	2.1279	0.66407
9.009	2.2334	0.51999
10.01	2.1237	0.26721
11.011	2.0112	-0.032738
12.012	1.7692	-0.27557
13.013	1.4721	-0.43785
14.014	1.1429	-0.32591
15.015	1.0374	-0.16531
16.016	1.0461	-0.16485
16.983	1.0563	-0.12711
17.984	1.068	-0.12456
18.985	1.0772	-0.12433
19.986	1.0861	-0.12401
20.987	1.0951	-0.10639
21.988	1.0789	-0.12399
22.989	1.0943	-0.10742
23.99	1.1017	-0.11779
24.991	1.1187	-0.052828
25.992	1.1182	-0.047485
26.993	1.1259	-0.048042
27.994	1.1186	-0.029266
28.995	1.1186	-0.055144
29.996	1.12	-0.062584
30.997	1.1257	-0.058042
31.998	1.1184	-0.064367
32.999	1.1828	0.032401
34	1.1937	0.079967
35.001	1.3056	0.2468
36.002	1.4076	0.4208
37.003	1.4263	0.45605
38.004	1.5345	0.54656
39.005	1.6052	0.6273
40.006	1.6773	0.70743
41.007	2.0138	0.98986
42.008	2.3121	1.0865
43.009	2.4318	0.94603
44.01	2.3785	0.8987
45.011	2.44	0.93355
46.012	2.3854	0.89689
47.013	2.4057	0.87126
48.014	2.3566	1.0153
49.015	2.4799	0.95579
50.016	2.536	0.89419
50.984	2.5437	0.85853
51.985	2.4285	0.63858
52.986	2.3738	0.7012
53.987	2.4409	0.86735
54.988	2.5913	0.95043
55.989	2.5185	0.8799
56.99	2.6079	0.96968
57.991	2.4443	0.98255
58.992	2.3061	0.96961
59.993	2.3885	1.7002
60.994	2.8241	2.6631
61.995	3.0816	2.6845
62.996	2.9003	2.4959
63.997	3.1412	2.1821
64.998	3.8396	2.3123
65.999	4.232	2.3483
67	4.4442	2.0226
68.001	4.7146	1.3941
69.002	4.913	0.26171
70.003	4.876	-0.46404
71.004	4.7208	-1.1441
72.005	4.4563	-1.7597
73.006	3.8759	-2.6131
74.007	3.0874	-3.2863
75.008	1.9657	-3.8128
76.009	0.66341	-3.9652
77.01	-0.25804	-3.8548
78.011	-0.9946	-3.5668
79.012	-1.7974	-2.9896
80.013	-2.5387	-2.1892
81.014	-3.0726	-1.0365
82.015	-3.2218	0.28786
83.016	-3.0672	1.2172
83.983	-2.5342	2.3894
84.984	-1.6075	3.3559
85.985	-0.92791	3.7714
86.986	0.20329	4.1097
87.987	1.1924	4.0569
88.988	1.2363	4.1422
89.989	1.2524	4.1419
90.99	1.2882	4.1495
91.991	1.1743	4.1696
92.992	0.79848	4.1523
93.993	-0.032974	4.0601
94.994	-1.0592	3.695
95.995	-1.7221	3.2636
96.996	-2.3575	2.5823
97.997	-2.8327	1.873
98.998	-3.1365	1.0287
100	-3.2358	-0.23247
101	-3.003	-1.3279
102	-2.526	-2.221
103	-1.8507	-2.9896
104	-0.7989	-3.6403
105.01	-0.036899	-3.8733
106.01	0.66189	-3.973
107.01	1.5949	-3.9088
108.01	1.5857	-3.9168
109.01	1.2769	-3.9515
110.01	0.85015	-3.9672
111.01	-0.26279	-3.8403
112.01	-1.1631	-3.4848
113.01	-2.0914	-2.7909
114.01	-2.7854	-1.8084
114.98	-3.1469	-0.77044
115.98	-3.2386	0.14349
116.98	-3.0591	1.2747
117.98	-2.4902	2.4357
118.99	-2.0398	2.9801
119.99	-1.3332	3.5593
120.99	-0.3754	3.9722
121.99	0.30243	4.1175
122.99	0.8504	4.1839
123.99	1.4642	4.0925
124.99	2.2873	3.8924
125.99	3.139	3.4349
126.99	3.8001	2.8854
127.99	4.4994	1.8968
129	4.8694	0.71567
130	4.8883	-0.16341
131	4.5647	-1.5437
132	4.0018	-1.387
133	2.7602	-0.48698
134	3.6113	1.427
135	4.5085	1.8537
136	4.0315	2.6152
137	2.81	3.6741
138	1.3225	4.1321
139.01	0.15284	4.1158
140.01	-1.1476	3.6663
141.01	-2.0414	2.9825
142.01	-2.7168	2.0976
143.01	-3.0741	1.2356
144.01	-3.2298	-0.14376
145.01	-2.9828	-1.3419
146.01	-2.4138	-2.388
147.01	-1.3952	-3.3491
148.01	-0.55256	-3.7544
149.01	0.62005	-3.9832
149.98	1.953	-3.8083
150.98	2.5883	-3.5834
151.99	3.3957	-3.0824
152.99	4.344	-1.9856
153.99	4.7046	-1.2053
154.99	4.8982	-0.20908
155.99	4.8182	0.97012
156.99	4.4396	2.0029
157.99	3.4878	3.2025
158.99	2.8478	3.6403
159.99	1.6588	4.0735
160.99	0.71507	4.1898
162	-0.1506	4.043
163	-1.0222	3.7129
164	-1.6847	3.2983
165	-2.381	2.5964
166	-2.8063	1.9183
167	-3.0722	1.234
168	-3.2368	0.21685
169	-3.0713	-1.0901
170	-2.5427	-2.2114
171	-1.7672	-3.0669
172.01	-0.93339	-3.5788
173.01	0.0288	-3.8892
174.01	0.88328	-3.9696
175.01	1.3702	-3.9606
176.01	2.033	-3.8161
177.01	3.0269	-3.3406
178.01	3.6716	-2.8295
179.01	3.7238	-2.7104
180.01	3.9791	-2.4727
181.01	3.9711	-2.4564
182.01	3.9721	-2.4761
182.98	4.113	-2.291
183.98	4.704	-1.1977
184.98	4.8989	-0.26735
185.99	4.8596	0.75448
186.99	4.6943	1.4215
187.99	4.4056	2.0744
188.99	4.178	2.4316
189.99	3.266	3.3825
190.99	2.1677	3.9526
191.99	2.1693	3.9366
192.99	2.1536	3.9562
193.99	2.1158	3.9364
194.99	1.9942	3.9963
196	1.6147	4.0801
197	0.8799	4.1552
198	-0.12205	4.0678
199	-1.155	3.6563
200	-1.9183	3.118
201	-2.3984	2.5948
202	-2.8581	1.7907
203	-3.0545	1.3418
204	-3.1388	0.9775
205.01	-3.2373	0.090616
206.01	-3.1489	-0.71873
207.01	-3.1535	-0.75928
208.01	-3.0827	-1.0205
209.01	-2.9125	-1.5052
210.01	-2.363	-2.4534
211.01	-1.4633	-3.2738
212.01	-0.3445	-3.7964
213.01	0.43665	-3.9367
214.01	0.46633	-3.9548
215.01	0.44598	-3.9704
215.98	0.45219	-3.9504
216.98	0.45408	-3.9515
217.98	0.73537	-3.9728
218.99	1.605	-3.9028
219.99	2.0398	-3.7963
220.99	2.4718	-3.6172
221.99	3.5745	-2.9177
222.99	4.147	-2.2628
223.99	4.6381	-1.3471
224.99	4.8574	-0.57005
225.99	4.9031	0.35526
226.99	4.6748	1.4925
227.99	4.4522	1.9594
229	4.4459	2.0052
230	4.4834	1.9279
231	4.4993	1.911
232	4.4829	1.9389
233	4.4655	1.9631
234	4.4665	1.9574
235	4.3962	1.965
236	3.5808	1.7844
237	2.7181	2.0888
238	3.0335	3.3064
239.01	2.5926	3.776
240.01	2.1693	3.9361
241.01	2.0767	3.9426
242.01	1.5754	4.0867
243.01	0.12619	4.0749
244.01	-1.0101	3.736
245.01	-1.3425	3.5649
246.01	-2.1479	2.8843
247.01	-2.9023	1.7449
248.01	-3.2034	0.51969
249.01	-3.0863	-1.0246
249.98	-2.6449	-2.0265
250.98	-2.0323	-2.7938
251.99	-1.4764	-3.2695
252.99	-0.4865	-3.7602
253.99	0.41165	-3.9644
254.99	1.1386	-3.9724
255.99	1.2878	-3.9419
256.99	1.2456	-3.9445
257.99	2.2485	-3.7275
258.99	3.228	-3.1918
259.99	4.1852	-2.2209
260.99	4.788	-0.89307
262	4.8727	0.62903
263	4.6879	1.4337
264	4.3545	2.1671
265	3.6633	3.0446
266	3.5881	3.1145
267	2.6227	3.7716
268	1.4774	4.098
269	0.2394	4.1184
270	-1.0944	3.6771
271	-1.9009	3.1023
272.01	-2.3808	2.6143
273.01	-2.8973	1.7225
274.01	-3.1381	0.96724
275.01	-3.2426	0.03058
276.01	-3.1017	-0.96793
277.01	-2.6191	-2.112
278.01	-1.8705	-2.9656
279.01	-0.76709	-3.6582
280.01	0.48484	-3.9488
281.01	1.5506	-3.8927
282.01	2.06	-3.7888
282.98	2.6441	-3.5595
283.98	3.6995	-2.7932
284.98	4.5259	-1.5933
285.99	4.8241	-0.72302
286.99	4.9097	0.090261
287.99	4.7874	1.0906
288.99	4.5659	1.7528
289.99	4.5504	1.7858
290.99	4.5561	1.787
291.99	4.5565	1.7872
292.99	4.5204	1.8781
293.99	4.1926	2.4176
294.99	3.5385	3.1101
296	2.927	3.6119
297	2.2376	3.8874
298	1.3616	4.1189
299	0.46005	4.1493
300	-0.30517	4.0011
301	-1.2343	3.6196
302	-1.7921	3.2195
303	-2.4456	2.5073
304	-2.8937	1.7363
305.01	-3.0759	1.2269
306.01	-3.2291	0.16338
307.01	-3.1119	-0.897
308.01	-2.7235	-1.8792
309.01	-1.7884	-3.0264
310.01	-0.70782	-3.6773
311.01	0.12609	-3.9229
312.01	0.87885	-3.9548
313.01	0.86758	-3.9445
314.01	1.1079	-3.9701
315.01	1.3707	-3.9173
315.98	1.3812	-3.9121
316.98	1.3654	-3.8963
317.98	1.3691	-3.8851
318.99	1.3623	-3.8899
319.99	1.4481	-3.889
320.99	1.4382	-3.8794
321.99	1.4269	-3.8856
322.99	1.7857	-3.8554
323.99	2.0081	-3.8023
324.99	1.995	-3.7976
325.99	1.9728	-3.7982
326.99	1.5709	-3.5303
327.99	1.682	-3.5291
329	1.1398	-2.9395
330	0.35913	-2.5289
331	0.38506	-2.5727
332	0.39459	-2.5917
333	0.39459	-2.5924
334	0.36033	-3.0577
335	0.5557	-3.9815
336	1.2965	-3.9703
337	2.005	-3.7936
338	2.7416	-3.5054
339.01	3.8701	-2.6139
340.01	4.6473	-1.2933
341.01	4.862	-0.52168
342.01	4.8996	0.23436
343.01	4.7322	1.3039
344.01	4.3869	2.1017
345.01	3.6124	3.1033
346.01	2.7104	3.7164
347.01	1.8916	4.0277
348.01	1.2551	4.1384
349.01	0.07569	4.086
349.98	-1.0848	3.6957
350.98	-1.7456	3.2704
351.99	-2.4581	2.4675
352.99	-2.9216	1.6825
353.99	-3.1195	1.0389
354.99	-3.2224	-0.036854
355.99	-2.9953	-1.292
356.99	-2.5891	-2.1409
357.99	-1.8956	-2.9275
358.99	-1.164	-3.4521
359.99	-0.25869	-3.835
360.99	0.53664	-3.9648
362	1.326	-3.935
363	1.4032	-3.949
364	1.4034	-3.9148
365	1.5039	-3.8801
366	1.8172	-3.8626
367	1.9473	-3.8124
368	1.9454	-3.82
369	1.9417	-3.7968
370	1.9508	-3.8258
371	1.9362	-3.8036
372.01	1.9402	-3.7787
373.01	1.9413	-3.7629
374.01	1.9202	-3.8123
375.01	1.8996	-3.8183
376.01	1.9081	-3.8101
377.01	1.9119	-3.8129
378.01	1.9057	-3.8165
379.01	1.8976	-3.7986
380.01	1.8734	-3.8366
381.01	1.8789	-3.8335
382.01	1.8696	-3.8507
382.98	1.8732	-3.836
383.98	1.8788	-3.8335
384.98	1.8732	-3.8375
385.99	1.8699	-3.8508
386.99	1.8793	-3.8523
387.99	1.8752	-3.8393
388.99	1.8713	-3.8348
389.99	1.8732	-3.8365
390.99	1.8562	-3.8549
391.99	1.8759	-3.8383
392.99	1.8883	-3.8526
393.99	1.8809	-3.8709
394.99	1.8722	-3.8532
396	1.8709	-3.8703
397	1.8631	-3.8612
398	1.8656	-3.8455
399	1.8637	-3.8529
400	1.8568	-3.8434
401	1.8713	-3.8532
402	1.8636	-3.871
403	1.952	-3.8359
404	2.4995	-3.6117
405.01	3.3887	-3.0742
406.01	3.6266	-2.8539
407.01	4.2451	-2.1116
408.01	4.7398	-1.0581
409.01	4.8738	-0.34113
410.01	4.8829	0.61502
411.01	4.6358	1.5767
412.01	4.1918	2.4292
413.01	3.3514	3.2998
414.01	3.0536	3.5302
415.01	2.2914	3.8686
415.98	1.8122	4.0378
416.98	1.0129	4.1556
417.98	0.20365	4.1181
418.99	-0.75908	3.8619
419.99	-1.4957	3.4418
420.99	-2.15	2.8835
421.99	-2.6358	2.2223
422.99	-3.0673	1.2024
423.99	-3.2306	0.12457
424.99	-3.0771	-1.0415
425.99	-2.6151	-2.0858
426.99	-1.8067	-3.0271
427.99	-0.83563	-3.6243
429	0.36049	-3.9617
430	1.091	-3.9606
431	1.7647	-3.8455
432	1.7835	-3.8373
433	1.7917	-3.8539
434	1.8003	-3.8714
435	1.7932	-3.855
436	1.7911	-3.8705
437	1.8011	-3.8452
438	1.8372	-3.8518
439.01	1.8432	-3.8516
440.01	1.8072	-3.8614
441.01	1.8193	-3.8313
442.01	1.812	-3.8394
443.01	1.8194	-3.8547
444.01	1.8115	-3.8372
445.01	1.7955	-3.8382
446.01	1.7998	-3.8717
447.01	1.7923	-3.8631
448.01	1.791	-3.8625
449.01	1.7782	-3.8553
449.98	1.8009	-3.8651
450.98	1.9113	-3.8483
451.99	2.5785	-3.5828
452.99	3.4324	-3.0462
453.99	4.0004	-2.4495
454.99	4.5992	-1.4481
455.99	4.8754	-0.47995
456.99	4.8896	0.48335
457.99	4.6615	1.5212
458.99	4.3006	2.2289
459.99	4.1548	2.4326
460.99	4.1523	2.457
462	4.1457	2.4887
463	4.0794	2.573
464	3.9702	2.707
465	3.7544	2.9481
466	3.634	3.0412
467	3.5264	3.1494
468	3.2683	3.3597
469	2.7408	3.6782
470	1.6655	4.0697
471	0.53739	4.1542
472.01	-0.47261	3.9387
473.01	-1.2088	3.6283
474.01	-1.9029	3.1116
475.01	-2.4151	2.5755
476.01	-2.7307	2.0667
477.01	-3.055	1.2877
478.01	-3.2131	0.35826
479.01	-3.1484	-0.73432
480.01	-2.8666	-1.6111
481.01	-2.2917	-2.5177
482.01	-1.4178	-3.3195
482.98	-0.40222	-3.7564
483.98	0.40355	-3.9658
484.98	0.89932	-3.967
485.99	1.3339	-3.9255
486.99	1.309	-3.9367
487.99	1.3443	-3.9106
488.99	1.3423	-3.9431
489.99	1.3999	-3.9106
490.99	1.4089	-3.9377
491.99	1.4169	-3.873
492.99	1.4236	-3.9082
493.99	1.7681	-3.8378
494.99	2.651	-3.5386
496	3.4159	-3.0395
497	3.7997	-2.6873
498	4.4264	-1.8067
499	4.6465	-1.3201
500	4.8443	-0.57712
501	4.887	-0.29426
502	4.8978	-0.29344
503	4.9014	-0.30682
504	4.8979	-0.32211
505.01	4.8971	-0.30524
506.01	4.8905	-0.31944
507.01	4.8959	-0.30221
508.01	4.8904	-0.29492
509.01	4.8895	-0.31299
510.01	4.8877	-0.32308
511.01	4.8883	-0.30635
512.01	4.889	-0.30484
513.01	4.8886	-0.30436
514.01	4.8873	-0.3182
515.01	4.8876	-0.32387
515.98	4.888	-0.30461
516.98	4.887	-0.31223
517.98	4.8873	-0.30517
518.99	4.8807	-0.31734
519.99	4.8815	-0.32126
520.99	4.8874	-0.32318
521.99	4.8878	-0.30672
522.99	4.898	-0.20795
523.99	4.9056	0.35615
524.99	4.7811	1.1595
525.99	4.5716	1.6877
526.99	4.3606	2.1463
527.99	4.1396	2.4724
529	3.7152	2.9835
530	3.0904	3.5068
531	2.3556	3.8708
532	1.5055	4.0882
533	0.54626	4.1567
534	-0.42988	3.936
535	-1.4332	3.4762
536	-1.9886	3.0281
537	-2.7083	2.0969
538	-3.0551	1.2968
539.01	-3.1722	0.71556
540.01	-3.2182	-0.26811
541.01	-3.0622	-1.0809
542.01	-2.9209	-1.4863
543.01	-2.461	-2.3273
544.01	-1.7581	-3.0584
545.01	-0.7937	-3.6274
546.01	0.26834	-3.9226
547.01	0.63596	-3.9633
548.01	0.62698	-3.9541
549.01	0.62249	-3.9851
549.98	0.6905	-3.7372
550.98	0.69135	-3.6336
551.99	0.68156	-3.641
552.99	0.68296	-3.6344
553.99	0.75875	-3.5831
554.99	1.0398	-3.892
555.99	1.0669	-3.9388
556.99	0.80779	-3.9895
557.99	0.57899	-3.9856
558.99	0.43046	-3.9728
559.99	0.40893	-3.9671
560.99	0.45241	-3.9687
562	0.35824	-3.9542
563	0.098701	-3.9178
564	-0.017844	-3.8656
565	0.00062177	-3.9037
566	0.0082738	-3.8743
567	0.0057568	-3.884
568	0.002755	-3.88
569	0.0072732	-3.8674
570	0.0010603	-3.8583
571	0.0080581	-3.85
572.01	0.019386	-3.8642
573.01	0.028113	-3.8723
574.01	0.035174	-3.8667
575.01	0.036366	-3.8805
576.01	-0.10417	-3.8589
577.01	-0.1639	-3.857
578.01	-0.15248	-3.8453
579.01	-0.16071	-3.8573
580.01	-0.15426	-3.8391
581.01	-0.17023	-3.8738
582.01	-0.16323	-3.859
582.98	-0.1526	-3.8547
583.98	-0.16256	-3.8403
584.98	-0.16923	-3.8724
585.99	-0.15513	-3.8571
586.99	-0.16052	-3.8536
587.99	-0.15898	-3.8523
588.99	-0.15627	-3.8398
589.99	-0.16745	-3.8636
590.99	-0.16827	-3.854
591.99	-0.16815	-3.8717
592.99	-0.15523	-3.8556
593.99	-0.15313	-3.8372
594.99	-0.16696	-3.8638
596	-0.16812	-3.8717
597	-0.16843	-3.8811
598	-0.16025	-3.8629
599	-0.16644	-3.8717
