0	-0.84684	-4.0135
1.001	1.1705	-3.6567
2.002	2.6868	-2.4628
3.003	3.4941	-0.51678
4.004	3.2054	1.6624
5.005	1.7878	3.4235
6.006	1.6404	3.5297
7.007	0.46023	4.0376
8.008	-1.2764	4.1181
9.009	-2.9994	3.3653
10.01	-3.7605	2.6248
11.011	-4.5988	0.6874
12.012	-4.6265	0.37746
13.013	-4.6262	0.32999
14.014	-4.6345	0.28463
15.015	-4.6332	0.23994
16.016	-4.6291	0.24589
16.983	-4.6288	0.22671
17.984	-4.6284	0.23294
18.985	-4.6362	0.22795
19.986	-4.6189	0.21225
20.987	-4.6248	0.18287
21.988	-4.6356	0.094437
22.989	-4.6231	0.0824
23.99	-4.6243	0.069362
24.991	-4.6339	0.076922
25.992	-4.6324	0.054386
26.993	-4.6362	0.028083
27.994	-4.6329	0.02352
28.995	-4.6368	0.013185
29.996	-4.6292	0.022822
30.997	-4.629	0.0023335
31.998	-4.6374	-0.0021
32.999	-4.6365	0.0020628
34	-4.6362	-0.015313
35.001	-4.6312	-0.081171
36.002	-4.6359	-0.1332
37.003	-4.6318	-0.13875
38.004	-4.6302	-0.17892
39.005	-4.6283	-0.22069
40.006	-4.6232	-0.35131
41.007	-4.4687	-1.128
42.008	-4.459	-1.1873
43.009	-4.4433	-1.2299
44.01	-4.4461	-1.216
45.011	-4.4444	-1.215
46.012	-4.4446	-1.2146
47.013	-4.4456	-1.2059
48.014	-4.4393	-1.2172
49.015	-4.4272	-1.2675
50.016	-4.4264	-1.2785
50.984	-4.4255	-1.2788
51.985	-4.4246	-1.2856
52.986	-4.4284	-1.2788
53.987	-4.4232	-1.2865
54.988	-4.4222	-1.2842
55.989	-4.4258	-1.2715
56.99	-4.4235	-1.2769
57.991	-4.4354	-1.2586
58.992	-4.4358	-1.2586
59.993	-4.432	-1.2743
60.994	-4.4322	-1.2685
61.995	-4.434	-1.2648
62.996	-4.4243	-1.2764
63.997	-4.4336	-1.2636
64.998	-4.4271	-1.2588
65.999	-3.2778	-1.2402
67	-3.1778	-1.4478
68.001	-1.9245	-2.1601
69.002	-1.1345	-2.5002
70.003	-0.07096	-3.2674
71.004	1.2973	-3.5659
72.005	1.71	-3.3632
73.006	2.2566	-2.9151
74.007	2.637	-2.52
75.008	3.0028	-1.9702
76.009	3.2431	-1.4632
77.01	3.5132	-0.35665
78.011	3.5142	0.45681
79.012	3.1222	1.8564
80.013	2.5891	2.6791
81.014	1.7927	3.4222
82.015	0.99352	3.8598
83.016	0.235	4.0955
83.983	-0.25849	4.1643
84.984	-0.3065	4.1752
85.985	-0.32981	4.1739
86.986	-0.34112	4.1635
87.987	-0.35485	4.1644
88.988	-0.85502	4.1629
89.989	-1.535	4.0519
90.99	-2.3352	3.7587
91.991	-2.8744	3.452
92.992	-2.9754	3.386
93.993	-3.5664	2.851
94.994	-4.0807	2.1622
95.995	-4.4825	1.2284
96.996	-4.6281	0.4693
97.997	-4.6361	0.48644
98.998	-4.6312	0.4617
100	-4.6244	0.48674
101	-4.6302	0.48642
102	-4.6228	0.48211
103	-4.6294	0.48191
104	-4.622	0.48866
105.01	-4.6217	0.49683
106.01	-4.623	0.49651
107.01	-4.6213	0.49632
108.01	-4.6154	0.49375
109.01	-4.6147	0.48988
110.01	-4.6193	0.48942
111.01	-4.6211	0.48201
112.01	-4.6206	0.48114
113.01	-4.6202	0.4723
114.01	-4.6204	0.4797
114.98	-4.6202	0.4723
115.98	-4.6205	0.47319
116.98	-4.6229	0.46168
117.98	-4.6212	0.48242
118.99	-4.6285	0.48345
119.99	-4.6207	0.49307
120.99	-4.6331	0.397
121.99	-4.6324	0.41565
122.99	-4.623	0.42356
123.99	-4.622	0.42237
124.99	-4.6231	0.41486
125.99	-4.617	0.41616
126.99	-4.6253	0.44883
127.99	-4.6198	0.47468
129	-4.613	0.48194
130	-4.6192	0.50724
131	-4.6183	0.53258
132	-4.6202	0.53809
133	-4.6202	0.55715
134	-4.5937	0.74999
135	-4.5335	1.0505
136	-4.4286	1.4143
137	-4.3369	1.6576
138	-4.31	1.7139
139.01	-4.3748	1.5644
140.01	-4.4669	1.291
141.01	-4.6094	0.63967
142.01	-4.6272	0.4867
143.01	-4.6281	0.51947
144.01	-4.6291	0.51308
145.01	-4.6288	0.53677
146.01	-4.6286	0.51132
147.01	-4.6213	0.52181
148.01	-4.6209	0.52047
149.01	-4.6196	0.53732
149.98	-4.6208	0.52281
150.98	-4.6219	0.51379
151.99	-4.623	0.50175
152.99	-4.6223	0.51302
153.99	-4.627	0.51331
154.99	-4.6207	0.54469
155.99	-4.6206	0.52517
156.99	-4.6217	0.50983
157.99	-4.6154	0.50774
158.99	-4.6145	0.49923
159.99	-4.6054	0.53445
160.99	-4.5897	0.69157
162	-4.5768	0.79455
163	-4.5275	1.0431
164	-4.462	1.269
165	-4.2757	1.7811
166	-4.0986	2.1191
167	-3.5334	2.8791
168	-3.104	3.1608
169	-1.6491	3.9817
170	-0.50419	3.7753
171	1.6427	2.9605
172.01	2.6094	2.53
173.01	2.2584	1.8105
174.01	0.75868	0.57761
175.01	-1.753	-0.53054
176.01	-3.6291	-1.4341
177.01	-3.5215	-1.6232
178.01	-3.7691	-2.3854
179.01	-3.7208	-2.5501
180.01	-3.5498	-2.7434
181.01	-2.96	-3.2547
182.01	-1.9788	-3.7776
182.98	-0.43942	-4.0297
183.98	0.74066	-2.3977
184.98	0.73869	-2.4583
185.99	0.75103	-2.4434
186.99	0.75634	-2.442
187.99	0.80881	-2.4333
188.99	0.80966	-2.433
189.99	0.81575	-2.4339
190.99	0.80949	-2.4468
191.99	0.81232	-2.4351
192.99	0.8632	-2.4315
193.99	0.88766	-2.4318
194.99	0.96488	-2.4515
196	1.113	-2.4402
197	1.2258	-2.4944
198	1.4635	-2.6072
199	1.7108	-3.3051
200	0.87313	-3.6411
201	-0.16824	-2.6628
202	-2.0572	-1.4505
203	-3.783	-0.80253
204	-4.4911	-0.9985
205.01	-4.4397	-1.2271
206.01	-4.3397	-1.5029
207.01	-4.0079	-2.1383
208.01	-3.4098	-2.8721
209.01	-2.5021	-3.5418
210.01	-1.4882	-3.9338
211.01	-0.41064	-4.0311
212.01	0.6551	-3.8474
213.01	0.8548	-3.7792
214.01	1.4657	-3.5017
215.01	2.0083	-3.1356
215.98	2.0813	-3.0744
216.98	2.0871	-3.0765
217.98	2.1006	-3.0668
218.99	2.0945	-3.0752
219.99	2.0856	-3.0741
220.99	2.099	-3.0653
221.99	2.0988	-3.0621
222.99	2.096	-3.0644
223.99	2.0982	-3.056
224.99	2.1926	-2.9823
225.99	2.2076	-2.9737
226.99	2.2013	-2.9764
227.99	2.1895	-2.9803
229	2.2096	-2.9617
230	2.2065	-2.9628
231	2.2175	-2.9408
232	2.2106	-2.9488
233	2.2183	-2.9411
234	2.5622	-2.6084
235	3.0374	-1.9129
236	3.3341	-1.2085
237	3.4493	-0.70146
238	3.5006	-0.43973
239.01	3.5266	0.028388
240.01	3.4655	0.7872
241.01	3.2189	1.6393
242.01	2.9154	2.2375
243.01	2.7807	2.4341
244.01	2.0815	3.1955
245.01	1.6924	3.4971
246.01	1.0212	3.8462
247.01	0.068961	4.1292
248.01	-0.78592	4.1662
249.01	-1.3741	4.1026
249.98	-2.0112	3.9099
250.98	-2.307	3.7762
251.99	-3.0759	3.3138
252.99	-3.3008	3.1181
253.99	-3.5823	2.8422
254.99	-3.5752	2.8499
255.99	-3.585	2.8439
256.99	-3.5753	2.8481
257.99	-3.5754	2.8485
258.99	-3.5766	2.8444
259.99	-3.5761	2.8456
260.99	-3.5749	2.8436
262	-3.5749	2.845
263	-3.5744	2.8428
264	-3.5748	2.8452
265	-3.5776	2.8345
266	-3.5771	2.8339
267	-3.5773	2.8346
268	-3.5853	2.8274
269	-3.5807	2.8369
270	-3.5773	2.8339
271	-3.5732	2.8339
272.01	-3.5714	2.8326
273.01	-3.5913	2.8175
274.01	-3.5851	2.8261
275.01	-3.5871	2.8146
276.01	-3.4742	2.7538
277.01	-3.3239	3.0113
278.01	-2.9863	3.1771
279.01	-2.3929	2.4121
280.01	-2.2374	2.2759
281.01	-2.2259	2.2779
282.01	-2.2296	2.2744
282.98	-2.2357	2.2702
283.98	-2.2365	2.2825
284.98	-2.2329	2.2642
285.99	-2.2281	2.2654
286.99	-2.2401	2.2637
287.99	-2.2413	2.2684
288.99	-2.2373	2.2661
289.99	-2.2348	2.2687
290.99	-2.224	2.2641
291.99	-2.2371	2.2729
292.99	-2.2271	2.2529
293.99	-2.2305	2.2564
294.99	-2.2295	2.2626
296	-2.2283	2.2649
297	-2.2803	2.2557
298	-3.4201	2.8885
299	-3.8949	2.1278
300	-4.0139	0.44058
301	-4.1627	-1.0271
302	-3.4332	-2.4681
303	-3.5855	-2.6773
304	-3.5292	-2.7545
305.01	-3.3682	-2.9143
306.01	-2.938	-3.2667
307.01	-1.9	-3.815
308.01	-0.75926	-4.0296
309.01	0.52443	-3.8871
310.01	1.6304	-3.4065
311.01	2.3196	-2.863
312.01	2.5727	-2.5931
313.01	3.1193	-1.7472
314.01	3.4131	-0.90944
315.01	3.4973	-0.4779
315.98	3.5268	0.18536
316.98	3.3553	1.2498
317.98	3.0485	2.0064
318.99	2.8498	2.3249
319.99	2.2735	3.0247
320.99	1.63	3.5319
321.99	0.99387	3.8602
322.99	0.13208	4.1165
323.99	-0.57009	4.1724
324.99	-1.0559	4.149
325.99	-1.4635	4.0715
326.99	-2.3631	3.7434
327.99	-2.5669	3.6335
329	-2.5707	3.6315
330	-2.6374	3.6034
331	-2.6981	3.57
332	-2.7281	3.5531
333	-2.7859	3.5105
334	-3.0015	3.3593
335	-3.4504	2.9783
336	-3.6436	2.7696
337	-4.0438	2.2305
338	-4.2092	1.9414
339.01	-4.5282	1.0782
340.01	-4.6425	0.19567
341.01	-4.6296	-0.33999
342.01	-4.4702	-1.1094
343.01	-4.4655	-1.1444
344.01	-4.4731	-1.1336
345.01	-4.4865	-1.0986
346.01	-4.4864	-1.0881
347.01	-4.4785	-1.0888
348.01	-4.4771	-1.0898
349.01	-4.4714	-1.0904
349.98	-4.4881	-1.0795
350.98	-4.4883	-1.0713
351.99	-4.4889	-1.0708
352.99	-4.4898	-1.064
353.99	-4.4901	-1.0619
354.99	-4.4888	-1.0614
355.99	-4.4818	-1.0651
356.99	-4.4825	-1.0611
357.99	-4.4804	-1.0631
358.99	-4.4799	-1.0648
359.99	-4.4822	-1.0622
360.99	-4.4926	-1.0525
362	-4.4888	-1.0614
363	-4.4873	-1.0343
364	-4.4866	-1.0267
365	-4.4973	-1.0009
366	-4.4975	-1.0146
367	-4.4975	-1.0029
368	-4.4831	-1.0009
369	-4.4891	-1.001
370	-4.491	-0.99798
371	-4.4978	-1.0003
372.01	-4.523	-0.94664
373.01	-4.5239	-0.94516
374.01	-4.5174	-0.93772
375.01	-4.5159	-0.93581
376.01	-4.5177	-0.93588
377.01	-4.5188	-0.92728
378.01	-4.5254	-0.92612
379.01	-4.5273	-0.90835
380.01	-4.527	-0.90595
381.01	-4.5195	-0.90062
382.01	-4.53	-0.89044
382.98	-4.5283	-0.89133
383.98	-4.5285	-0.89229
384.98	-4.5279	-0.89067
385.99	-4.5279	-0.89067
386.99	-4.5279	-0.89067
387.99	-4.5302	-0.88297
388.99	-4.5279	-0.89067
389.99	-4.5289	-0.89711
390.99	-4.5282	-0.89734
391.99	-4.5313	-0.8728
392.99	-4.5347	-0.86539
393.99	-4.5304	-0.87288
394.99	-4.5309	-0.87341
396	-4.5313	-0.87385
397	-4.5313	-0.8728
398	-4.534	-0.8655
399	-4.5335	-0.86419
400	-4.5339	-0.86278
401	-4.5406	-0.86195
402	-4.5406	-0.85937
403	-4.543	-0.85316
404	-4.5436	-0.84315
405.01	-4.5437	-0.84593
406.01	-4.5448	-0.83683
407.01	-4.5452	-0.83733
408.01	-4.5457	-0.83558
409.01	-4.5448	-0.83683
410.01	-4.5431	-0.84494
411.01	-4.5427	-0.84438
412.01	-4.5451	-0.83525
413.01	-4.5454	-0.8349
414.01	-4.5446	-0.8351
415.01	-4.5446	-0.83506
415.98	-4.5445	-0.83614
416.98	-4.5445	-0.83614
417.98	-4.5428	-0.84936
418.99	-4.5456	-0.82769
419.99	-4.5459	-0.83438
420.99	-4.5455	-0.83527
421.99	-4.5457	-0.83411
422.99	-4.5427	-0.84438
423.99	-4.5448	-0.83683
424.99	-4.5431	-0.84494
425.99	-4.5447	-0.83721
426.99	-4.5448	-0.83537
427.99	-4.5445	-0.83614
429	-4.5457	-0.83558
430	-4.5457	-0.83558
431	-4.5448	-0.83683
432	-4.5448	-0.83683
433	-4.5428	-0.84936
434	-4.5457	-0.83558
435	-4.5452	-0.83463
436	-4.5448	-0.83537
437	-4.5457	-0.83558
438	-4.5458	-0.82799
439.01	-4.5443	-0.8365
440.01	-4.5445	-0.83614
441.01	-4.5445	-0.83614
442.01	-4.5452	-0.83463
443.01	-4.5451	-0.83324
444.01	-4.5449	-0.83391
445.01	-4.5432	-0.85179
446.01	-4.5461	-0.83369
447.01	-4.5457	-0.83558
448.01	-4.5442	-0.8345
449.01	-4.5445	-0.83614
449.98	-4.5445	-0.83614
450.98	-4.5457	-0.83558
451.99	-4.5457	-0.83411
452.99	-4.5443	-0.83587
453.99	-4.5455	-0.8338
454.99	-4.5454	-0.83531
455.99	-4.5445	-0.83614
456.99	-4.5454	-0.8349
457.99	-4.5454	-0.8349
458.99	-4.5445	-0.83614
459.99	-4.5427	-0.84438
460.99	-4.5458	-0.83448
462	-4.5443	-0.83439
463	-4.5457	-0.83411
464	-4.5448	-0.83683
465	-4.5461	-0.83608
466	-4.5457	-0.83411
467	-4.5445	-0.83614
468	-4.5452	-0.83459
469	-4.546	-0.83332
470	-4.5452	-0.83733
471	-4.5445	-0.83614
472.01	-4.5455	-0.8338
473.01	-4.5454	-0.8349
474.01	-4.5445	-0.83614
475.01	-4.5458	-0.83627
476.01	-4.5441	-0.8437
477.01	-4.5445	-0.83614
478.01	-4.5454	-0.8349
479.01	-4.5454	-0.83531
480.01	-4.5448	-0.83683
481.01	-4.5427	-0.84438
482.01	-4.546	-0.8348
482.98	-4.5448	-0.83683
483.98	-4.5457	-0.83558
484.98	-4.5457	-0.83558
485.99	-4.5455	-0.8338
486.99	-4.5427	-0.84438
487.99	-4.5455	-0.83384
488.99	-4.5454	-0.8349
489.99	-4.5396	-0.83432
490.99	-4.5443	-0.83587
491.99	-4.5446	-0.8351
492.99	-4.5448	-0.83683
493.99	-4.5454	-0.83802
494.99	-4.5445	-0.83614
496	-4.5454	-0.8349
497	-4.5464	-0.8332
498	-4.5449	-0.83578
499	-4.5427	-0.84438
500	-4.5453	-0.83392
501	-4.5448	-0.83537
502	-4.5444	-0.8358
503	-4.5434	-0.84284
504	-4.5445	-0.83614
505.01	-4.5462	-0.83549
506.01	-4.546	-0.83332
507.01	-4.5436	-0.84315
508.01	-4.5445	-0.83614
509.01	-4.5457	-0.83558
510.01	-4.5443	-0.83587
511.01	-4.5445	-0.83614
512.01	-4.5454	-0.8349
513.01	-4.5457	-0.83558
514.01	-4.5448	-0.83683
515.01	-4.5457	-0.83558
515.98	-4.5445	-0.83614
516.98	-4.5454	-0.8349
517.98	-4.544	-0.84236
518.99	-4.5445	-0.83614
519.99	-4.5457	-0.83558
520.99	-4.5448	-0.83537
521.99	-4.5457	-0.83411
522.99	-4.5448	-0.83537
523.99	-4.5443	-0.83587
524.99	-4.5457	-0.83558
525.99	-4.5454	-0.83531
526.99	-4.5443	-0.83587
527.99	-4.5448	-0.83683
529	-4.5443	-0.83587
530	-4.5451	-0.83605
531	-4.5457	-0.83558
532	-4.5457	-0.83558
533	-4.5453	-0.83527
534	-4.5451	-0.83605
535	-4.5457	-0.83558
536	-4.5457	-0.83558
537	-4.5444	-0.8358
538	-4.5452	-0.83459
539.01	-4.5454	-0.8349
540.01	-4.5431	-0.84494
541.01	-4.5454	-0.8349
542.01	-4.5452	-0.83733
543.01	-4.5457	-0.83558
544.01	-4.5445	-0.83614
545.01	-4.5454	-0.8349
546.01	-4.5448	-0.83537
547.01	-4.5457	-0.83558
548.01	-4.5454	-0.8349
549.01	-4.5445	-0.83614
549.98	-4.5451	-0.83605
550.98	-4.5463	-0.834
551.99	-4.5454	-0.8349
552.99	-4.5448	-0.83537
553.99	-4.5452	-0.83463
554.99	-4.5457	-0.83411
555.99	-4.5463	-0.834
556.99	-4.5451	-0.83605
557.99	-4.5452	-0.83463
558.99	-4.5436	-0.84315
559.99	-4.546	-0.83332
560.99	-4.5457	-0.83411
562	-4.5459	-0.83539
563	-4.545	-0.83428
564	-4.5457	-0.83558
565	-4.5451	-0.83525
566	-4.5448	-0.83537
567	-4.5448	-0.83683
568	-4.5457	-0.83558
569	-4.5448	-0.83683
570	-4.5448	-0.83683
571	-4.5445	-0.83614
572.01	-4.5452	-0.83463
573.01	-4.5457	-0.83558
574.01	-4.5454	-0.8349
575.01	-4.5448	-0.83683
576.01	-4.5454	-0.8349
577.01	-4.5461	-0.83608
578.01	-4.5445	-0.83614
579.01	-4.5448	-0.83683
580.01	-4.546	-0.83332
581.01	-4.5457	-0.83411
582.01	-4.5454	-0.8349
582.98	-4.5454	-0.8349
583.98	-4.5436	-0.84315
584.98	-4.5461	-0.83608
585.99	-4.5457	-0.83366
586.99	-4.5461	-0.83608
587.99	-4.5457	-0.83558
588.99	-4.5448	-0.83683
589.99	-4.5427	-0.84438
590.99	-4.5448	-0.83683
591.99	-4.5448	-0.83683
592.99	-4.5445	-0.83614
593.99	-4.5457	-0.83411
594.99	-4.5445	-0.83614
596	-4.5427	-0.84438
597	-4.5457	-0.83558
598	-4.5451	-0.83744
598.97	-4.5448	-0.83683
