0	1.1962	3.7755
1.001	1.6193	3.5553
2.002	1.8761	3.3678
3.003	2.186	3.1197
4.004	2.6993	2.567
5.005	2.9258	2.2333
6.006	3.2166	1.6828
7.007	3.4427	0.95913
8.008	3.5363	0.1881
9.009	3.5106	-0.43019
10.01	3.343	-1.1387
11.011	2.9797	-2.025
12.012	2.6744	-2.4748
13.013	2.2556	-2.9388
14.014	1.5165	-3.4941
15.015	0.72742	-3.8446
16.016	0.26741	-3.9658
16.983	0.2634	-3.9538
17.984	0.26025	-3.9597
18.985	0.26011	-3.959
19.986	0.26298	-3.953
20.987	0.26908	-3.9518
21.988	0.27545	-3.9498
22.989	0.27105	-3.945
23.99	0.27064	-3.9494
24.991	0.27159	-3.9491
25.992	0.27159	-3.9491
26.993	0.28124	-3.9432
27.994	0.27797	-3.9483
28.995	0.27293	-3.9645
29.996	0.25706	-3.9664
30.997	0.25706	-3.9664
31.998	0.23854	-3.9762
32.999	0.15142	-3.9868
34	0.10338	-3.9998
35.001	0.075983	-3.9948
36.002	0.10571	-3.9976
37.003	0.10534	-3.9983
38.004	0.10869	-3.993
39.005	0.066533	-4.0039
40.006	0.10804	-4.0008
41.007	0.10437	-4.0003
42.008	0.1042	-3.9986
43.009	0.11657	-3.9816
44.01	0.10695	-3.9997
45.011	0.08421	-4.0021
46.012	0.067322	-3.9916
47.013	0.067157	-3.9948
48.014	0.057028	-4.0117
49.015	0.010013	-4.0178
50.016	0.0035855	-4.0091
50.984	0.011351	-3.9973
51.985	-0.0040908	-3.9911
52.986	-0.060642	-4.0223
53.987	-0.058971	-4.0243
54.988	-0.061203	-4.0218
55.989	-0.077768	-4.0221
56.99	-0.11327	-4.0262
57.991	-0.11391	-4.0258
58.992	-0.11588	-4.0251
59.993	-0.097964	-3.9945
60.994	-0.24496	-4.0305
61.995	-0.24347	-4.0397
62.996	-0.12739	-4.0359
63.997	0.076722	-4.0051
64.998	0.48684	-3.924
65.999	0.93381	-3.777
67	1.4113	-3.5471
68.001	1.7292	-3.3648
69.002	1.914	-3.2295
70.003	2.1498	-3.028
71.004	2.1243	-1.5781
72.005	2.2056	-1.7254
73.006	2.4306	-1.6932
74.007	2.5017	-1.6627
75.008	2.6195	-1.5876
76.009	2.8444	-1.7318
77.01	2.905	-1.8234
78.011	2.9815	-2.0265
79.012	2.9841	-2.0224
80.013	3.1181	-1.7831
81.014	3.259	-1.4569
82.015	3.3653	-1.1162
83.016	3.4325	-0.86672
83.983	3.4567	-0.74389
84.984	3.4936	-0.52676
85.985	3.5253	-0.31143
86.986	3.5342	0.077518
87.987	3.5123	0.53727
88.988	3.4178	1.0509
89.989	3.2643	1.5202
90.99	3.0077	2.0869
91.991	2.7232	2.5258
92.992	2.3345	2.9769
93.993	2.0618	3.2276
94.994	1.6683	3.5204
95.995	1.3062	3.724
96.996	0.97214	3.8873
97.997	0.52413	4.017
98.998	0.23988	4.0957
100	0.15649	4.105
101	0.097051	4.128
102	-0.0051975	4.1511
103	-0.0080112	4.1541
104	-0.0063747	4.1516
105.01	-0.011773	4.1427
106.01	-0.024506	4.138
107.01	-0.0087289	4.1517
108.01	0.0022022	4.1499
109.01	0.01228	4.1542
110.01	0.012476	4.1521
111.01	-0.080452	4.1583
112.01	-0.25538	4.1711
113.01	-0.57221	4.182
114.01	-0.6728	4.185
114.98	-0.65205	4.1858
115.98	-0.6673	4.1846
116.98	-0.64885	4.1833
117.98	-0.65223	4.1838
118.99	-0.66462	4.1819
119.99	-0.66038	4.1756
120.99	-0.6672	4.1752
121.99	-0.65905	4.1826
122.99	-0.65387	4.1771
123.99	-0.66566	4.1839
124.99	-0.63842	4.1775
125.99	-0.63907	4.1823
126.99	-0.62857	4.1786
127.99	-0.62449	4.1865
129	-0.63718	4.1845
130	-0.63926	4.1834
131	-0.62701	4.1772
132	-0.62285	4.1829
133	-0.62454	4.1845
134	-0.62279	4.1846
135	-0.61214	4.1836
136	-0.61152	4.1832
137	-0.61176	4.1831
138	-0.62375	4.1842
139.01	-0.62444	4.1857
140.01	-0.63152	4.1836
141.01	-0.62374	4.1837
142.01	-0.61736	4.1766
143.01	-0.62345	4.1753
144.01	-0.63102	4.1751
145.01	-0.61535	4.167
146.01	-0.64693	4.1648
147.01	-0.68037	4.1828
148.01	-0.68957	4.1843
149.01	-0.68484	4.1846
149.98	-0.68843	4.1836
150.98	-0.68859	4.1834
151.99	-0.68843	4.1836
152.99	-0.69015	4.1842
153.99	-0.67566	4.1836
154.99	-0.68923	4.1846
155.99	-0.69012	4.1855
156.99	-0.67723	4.1842
157.99	-0.67342	4.1902
158.99	-0.68934	4.1839
159.99	-0.69924	4.1842
160.99	-0.69599	4.1826
162	-0.69791	4.1832
163	-0.71093	4.1834
164	-0.71493	4.1835
165	-0.72143	4.1824
166	-0.71609	4.185
167	-0.72221	4.1863
168	-0.70983	4.1905
169	-0.71834	4.1847
170	-0.726	4.191
171	-0.71919	4.1845
172.01	-0.72012	4.1843
173.01	-0.71863	4.1842
174.01	-0.72725	4.1852
175.01	-0.71908	4.1834
176.01	-0.7252	4.1847
177.01	-0.72666	4.1846
178.01	-0.71872	4.1847
179.01	-0.71759	4.191
180.01	-0.71893	4.1848
181.01	-0.71863	4.1842
182.01	-0.72443	4.1839
182.98	-0.7198	4.1844
183.98	-0.71699	4.184
184.98	-0.71826	4.1855
185.99	-0.71194	4.1848
186.99	-0.71777	4.1846
187.99	-0.71274	4.184
188.99	-0.71885	4.1841
189.99	-0.71817	4.1852
190.99	-0.71077	4.1858
191.99	-0.70713	4.1849
192.99	-0.69692	4.1903
193.99	-0.71284	4.1844
194.99	-0.70075	4.1866
196	-0.71024	4.1862
197	-0.71376	4.185
198	-0.79737	4.184
199	-0.82156	4.1847
200	-0.88422	4.1817
201	-0.94733	4.181
202	-0.98131	4.1734
203	-1.056	4.1666
204	-1.1442	4.1533
205.01	-1.1484	4.1611
206.01	-1.1721	4.1507
207.01	-1.2249	4.137
208.01	-1.3443	4.1235
209.01	-1.5675	4.0603
210.01	-1.7058	4.0278
211.01	-1.6193	4.0648
212.01	-1.5432	4.0728
213.01	-1.3968	4.1085
214.01	-1.1645	4.1479
215.01	-1.0858	4.1571
215.98	-1.0088	4.1693
216.98	-0.92098	4.1784
217.98	-0.69573	4.185
218.99	-0.58247	4.1764
219.99	-0.53198	4.181
220.99	-0.52244	4.1832
221.99	-0.53549	4.1814
222.99	-0.53057	4.184
223.99	-0.50095	4.174
224.99	-0.50065	4.1724
225.99	-0.50154	4.1727
226.99	-0.49417	4.166
227.99	-0.50113	4.1647
229	-0.49293	4.1645
230	-0.50581	4.1711
231	-0.50581	4.1711
232	-0.50072	4.1649
233	-0.49913	4.1717
234	-0.50793	4.1716
235	-0.49993	4.1721
236	-0.50485	4.1714
237	-0.51469	4.1724
238	-0.50745	4.1718
239.01	-0.51404	4.1749
240.01	-0.51704	4.1722
241.01	-0.512	4.1644
242.01	-0.51762	4.1658
243.01	-0.4982	4.1721
244.01	-0.50716	4.1634
245.01	-0.51362	4.1752
246.01	-0.52241	4.1811
247.01	-0.5134	4.1805
248.01	-0.49857	4.1742
249.01	-0.4985	4.1725
249.98	-0.53003	4.1847
250.98	-0.54665	4.1838
251.99	-0.52526	4.1902
252.99	-0.53595	4.1908
253.99	-0.52079	4.1848
254.99	-0.52562	4.1909
255.99	-0.51749	4.1907
256.99	-0.52854	4.1848
257.99	-0.52567	4.1908
258.99	-0.51565	4.1847
259.99	-0.52159	4.1846
260.99	-0.52968	4.185
262	-0.53893	4.1837
263	-0.54783	4.1835
264	-0.53457	4.1833
265	-0.54891	4.1834
266	-0.54566	4.179
267	-0.54693	4.1838
268	-0.54557	4.1844
269	-0.53733	4.1786
270	-0.55162	4.1787
271	-0.54693	4.1838
272.01	-0.54636	4.1837
273.01	-0.549	4.184
274.01	-0.54986	4.1823
275.01	-0.57061	4.1763
276.01	-0.56974	4.1776
277.01	-0.55551	4.1764
278.01	-0.55803	4.1761
279.01	-0.57058	4.1757
280.01	-0.55749	4.1771
281.01	-0.56229	4.1778
282.01	-0.55919	4.1845
282.98	-0.56994	4.1843
283.98	-0.57518	4.1833
284.98	-0.56753	4.183
285.99	-0.56713	4.1832
286.99	-0.55971	4.1833
287.99	-0.56683	4.1836
288.99	-0.58054	4.1771
289.99	-0.5716	4.1773
290.99	-0.56673	4.1825
291.99	-0.57202	4.1763
292.99	-0.56868	4.1843
293.99	-0.57447	4.1842
294.99	-0.56892	4.1827
296	-0.56808	4.183
297	-0.56778	4.1829
298	-0.56138	4.183
299	-0.56135	4.1824
300	-0.56453	4.1773
301	-0.57055	4.1765
302	-0.57055	4.1765
303	-0.57076	4.1775
304	-0.55641	4.1772
305.01	-0.55841	4.1769
306.01	-0.56693	4.1747
307.01	-0.56433	4.1766
308.01	-0.56376	4.1769
309.01	-0.57289	4.1767
310.01	-0.57158	4.1761
311.01	-0.57803	4.1682
312.01	-0.58643	4.1677
313.01	-0.58187	4.1752
314.01	-0.5794	4.1678
315.01	-0.57642	4.1691
315.98	-0.56175	4.1759
316.98	-0.54195	4.1829
317.98	-0.53489	4.1731
318.99	-0.52572	4.1766
319.99	-0.53525	4.1729
320.99	-0.52712	4.1724
321.99	-0.521	4.1654
322.99	-0.52293	4.1672
323.99	-0.52595	4.1716
324.99	-0.5216	4.1677
325.99	-0.53034	4.1814
326.99	-0.51727	4.1735
327.99	-0.50805	4.1806
329	-0.49309	4.181
330	-0.49639	4.176
331	-0.49074	4.1817
332	-0.48305	4.1808
333	-0.51025	4.1728
334	-0.50041	4.1719
335	-0.50603	4.1682
336	-0.50663	4.1727
337	-0.50965	4.1729
338	-0.51906	4.1657
339.01	-0.51033	4.1721
340.01	-0.52212	4.1723
341.01	-0.52556	4.1723
342.01	-0.52875	4.1677
343.01	-0.52073	4.1668
344.01	-0.52073	4.1668
345.01	-0.5267	4.1674
346.01	-0.53022	4.1754
347.01	-0.52682	4.1833
348.01	-0.52604	4.1736
349.01	-0.5218	4.1677
349.98	-0.52495	4.1735
350.98	-0.5233	4.1735
351.99	-0.54099	4.1663
352.99	-0.52158	4.1752
353.99	-0.52394	4.1806
354.99	-0.52434	4.1843
355.99	-0.53308	4.1833
356.99	-0.53265	4.1829
357.99	-0.53304	4.1836
358.99	-0.52622	4.1834
359.99	-0.51974	4.1836
360.99	-0.53247	4.1834
362	-0.52653	4.1841
363	-0.51676	4.1852
364	-0.52578	4.1837
365	-0.53459	4.183
366	-0.54676	4.1914
367	-0.54776	4.1918
368	-0.55147	4.1845
369	-0.54445	4.1847
370	-0.56951	4.1907
371	-0.56723	4.1844
372.01	-0.56111	4.1913
373.01	-0.56575	4.1857
374.01	-0.56954	4.1913
375.01	-0.56954	4.1913
376.01	-0.56765	4.1864
377.01	-0.56548	4.1843
378.01	-0.55835	4.1847
379.01	-0.5762	4.191
380.01	-0.56954	4.1913
381.01	-0.55416	4.1908
382.01	-0.56223	4.1916
382.98	-0.55909	4.1855
383.98	-0.56037	4.1842
384.98	-0.55898	4.1848
385.99	-0.56111	4.1913
386.99	-0.56567	4.185
387.99	-0.56238	4.1921
388.99	-0.56676	4.1848
389.99	-0.56047	4.1859
390.99	-0.56802	4.1826
391.99	-0.55888	4.1843
392.99	-0.57594	4.1839
393.99	-0.59297	4.1837
394.99	-0.58747	4.1844
396	-0.59344	4.1836
397	-0.59424	4.1834
398	-0.58673	4.1842
399	-0.59311	4.1763
400	-0.6003	4.1757
401	-0.61317	4.1751
402	-0.61145	4.1836
403	-0.61194	4.1758
404	-0.6069	4.175
405.01	-0.6103	4.1679
406.01	-0.6218	4.1657
407.01	-0.63953	4.1669
408.01	-0.64659	4.167
409.01	-0.6646	4.167
410.01	-0.65581	4.1775
411.01	-0.64523	4.176
412.01	-0.63923	4.1755
413.01	-0.63148	4.1759
414.01	-0.61204	4.1833
415.01	-0.61786	4.1751
415.98	-0.6162	4.1686
416.98	-0.6308	4.1609
417.98	-0.62691	4.1592
418.99	-0.62696	4.1578
419.99	-0.62756	4.1585
420.99	-0.61141	4.1651
421.99	-0.61073	4.1767
422.99	-0.63835	4.1677
423.99	-0.65803	4.1693
424.99	-0.63908	4.1758
425.99	-0.65035	4.1693
426.99	-0.64573	4.1756
427.99	-0.65923	4.1591
429	-0.63939	4.1664
430	-0.64361	4.1753
431	-0.63571	4.168
432	-0.64311	4.1757
433	-0.61718	4.1772
434	-0.61046	4.176
435	-0.61046	4.176
436	-0.60509	4.183
437	-0.61581	4.1777
438	-0.59983	4.1839
439.01	-0.6094	4.1761
440.01	-0.60475	4.1822
441.01	-0.60896	4.1772
442.01	-0.61206	4.1749
443.01	-0.60483	4.1916
444.01	-0.60509	4.1836
445.01	-0.60721	4.1915
446.01	-0.5806	4.1919
447.01	-0.5734	4.1918
448.01	-0.57949	4.1921
449.01	-0.57118	4.1915
449.98	-0.57791	4.1859
450.98	-0.57856	4.1861
451.99	-0.5721	4.1906
452.99	-0.57902	4.191
453.99	-0.57237	4.1912
454.99	-0.56643	4.1905
455.99	-0.57087	4.1864
456.99	-0.57935	4.1917
457.99	-0.57178	4.1848
458.99	-0.5788	4.1843
459.99	-0.57262	4.1852
460.99	-0.57343	4.1906
462	-0.58666	4.1913
463	-0.57012	4.186
464	-0.57041	4.1851
465	-0.58304	4.1855
466	-0.57322	4.1909
467	-0.57692	4.1857
468	-0.57723	4.1863
469	-0.56344	4.1847
470	-0.57548	4.185
471	-0.56674	4.191
472.01	-0.57064	4.1856
473.01	-0.5782	4.1866
474.01	-0.57048	4.1844
475.01	-0.57572	4.1852
476.01	-0.57792	4.1912
477.01	-0.57205	4.1911
478.01	-0.57118	4.1915
479.01	-0.57242	4.1917
480.01	-0.57652	4.1849
481.01	-0.57602	4.187
482.01	-0.57026	4.1849
482.98	-0.57792	4.1912
483.98	-0.57118	4.1915
484.98	-0.56931	4.1853
485.99	-0.57935	4.1917
486.99	-0.57041	4.1918
487.99	-0.5698	4.1852
488.99	-0.57612	4.1842
489.99	-0.56959	4.1847
490.99	-0.57603	4.1853
491.99	-0.57563	4.1846
492.99	-0.57022	4.1862
493.99	-0.57118	4.1915
494.99	-0.56948	4.1858
496	-0.57118	4.1915
497	-0.56424	4.191
498	-0.5699	4.1854
499	-0.57535	4.1868
500	-0.56909	4.1857
501	-0.57093	4.1908
502	-0.57711	4.1916
503	-0.56837	4.186
504	-0.57124	4.1909
505.01	-0.56993	4.1859
506.01	-0.57012	4.186
507.01	-0.58297	4.1859
508.01	-0.56828	4.1867
509.01	-0.57929	4.1908
510.01	-0.56313	4.1907
511.01	-0.57824	4.1919
512.01	-0.56911	4.1869
513.01	-0.55664	4.1918
514.01	-0.57124	4.1909
515.01	-0.53752	4.1861
515.98	-0.54387	4.1922
516.98	-0.53719	4.1909
517.98	-0.53358	4.1853
518.99	-0.53092	4.1862
519.99	-0.518	4.1838
520.99	-0.52564	4.1831
521.99	-0.52689	4.1827
522.99	-0.53363	4.1832
523.99	-0.52777	4.183
524.99	-0.52624	4.183
525.99	-0.51939	4.1844
526.99	-0.52653	4.1835
527.99	-0.52706	4.1841
529	-0.52564	4.1831
530	-0.5308	4.1839
531	-0.52624	4.183
532	-0.5204	4.1832
533	-0.52653	4.1835
534	-0.53188	4.1837
535	-0.53188	4.1837
536	-0.52412	4.1838
537	-0.52578	4.1837
538	-0.52578	4.1837
539.01	-0.52564	4.1831
540.01	-0.52629	4.1828
541.01	-0.52564	4.1831
542.01	-0.52597	4.1838
543.01	-0.52672	4.1834
544.01	-0.52462	4.1838
545.01	-0.52611	4.1841
546.01	-0.52297	4.1846
547.01	-0.52491	4.1839
548.01	-0.53046	4.1843
549.01	-0.52689	4.1827
549.98	-0.52494	4.1846
550.98	-0.52552	4.1842
551.99	-0.52552	4.1838
552.99	-0.52317	4.1845
553.99	-0.52581	4.1843
554.99	-0.5327	4.1851
555.99	-0.52393	4.1837
556.99	-0.52499	4.1845
557.99	-0.52409	4.1841
558.99	-0.52443	4.1839
559.99	-0.52527	4.1853
560.99	-0.52553	4.1847
562	-0.53471	4.1835
563	-0.52412	4.1838
564	-0.5253	4.1833
565	-0.52624	4.183
566	-0.53317	4.183
567	-0.51819	4.1839
568	-0.5253	4.1833
569	-0.52619	4.1837
570	-0.52499	4.1845
571	-0.52247	4.1843
572.01	-0.52434	4.1843
573.01	-0.52317	4.1845
574.01	-0.52564	4.1831
575.01	-0.52354	4.1836
576.01	-0.53026	4.1849
577.01	-0.52406	4.1848
578.01	-0.51824	4.1845
579.01	-0.52325	4.184
580.01	-0.53216	4.1917
581.01	-0.52908	4.1844
582.01	-0.51726	4.1848
582.98	-0.52539	4.1837
583.98	-0.52393	4.1837
584.98	-0.52494	4.1846
585.99	-0.53017	4.1847
586.99	-0.52469	4.1834
587.99	-0.52387	4.1839
588.99	-0.52624	4.183
589.99	-0.52383	4.1837
590.99	-0.52416	4.185
591.99	-0.52434	4.1843
592.99	-0.53092	4.1855
593.99	-0.52494	4.1846
594.99	-0.52552	4.1838
596	-0.5245	4.1833
597	-0.52412	4.1838
598	-0.53188	4.1837
598.97	-0.52377	4.1854
