0	3.3422	1.5079
1.001	2.1118	2.991
2.002	0.30909	3.7519
3.003	-1.0898	3.7366
4.004	-2.3928	3.2623
5.005	-3.1499	2.6424
6.006	-4.1083	1.2032
7.007	-4.3881	-0.24776
8.008	-4.1463	-1.7288
9.009	-3.5005	-2.8797
10.01	-2.6542	-3.6665
11.011	-1.7304	-4.1575
12.012	-0.61199	-4.3864
13.013	0.90413	-4.2014
14.014	2.535	-3.224
15.015	3.447	-1.9098
16.016	3.7417	0.1864
16.983	3.313	1.5842
17.984	2.2922	2.8461
18.985	0.75719	3.6527
19.986	-0.34146	3.7811
20.987	-1.193	3.7056
21.988	-2.3461	3.2535
22.989	-3.2815	2.5523
23.99	-4.0279	1.4289
24.991	-4.368	0.22856
25.992	-4.3082	-1.146
26.993	-3.6599	-2.6374
27.994	-2.9555	-3.4236
28.995	-1.9778	-4.0324
29.996	-1.1085	-4.281
30.997	0.13378	-4.367
31.998	1.5444	-3.9623
32.999	2.6151	-3.1595
34	3.4097	-1.9762
35.001	3.7624	-0.11718
36.002	3.3877	1.4291
37.003	2.8312	2.2774
38.004	1.5558	3.333
39.005	-0.21936	3.8126
40.006	-1.855	3.5074
41.007	-3.2233	2.5635
42.008	-4.049	1.3443
43.009	-3.7834	0.7258
44.01	-1.8699	0.53834
45.011	-2.148	-1.2056
46.012	-4.0988	-1.5385
47.013	-4.1225	-1.111
48.014	-3.6689	-0.56095
49.015	-4.3773	-0.095559
50.016	-4.2886	0.64644
50.984	-4.0101	1.4303
51.985	-3.4466	2.3197
52.986	-2.4207	3.2143
53.987	-1.0144	3.7569
54.988	-0.24858	3.8241
55.989	0.83538	3.6468
56.99	1.721	3.2409
57.991	2.2829	2.8092
58.992	2.9473	2.1727
59.993	3.5358	1.0679
60.994	3.7476	-0.13378
61.995	3.6016	-1.3942
62.996	3.1871	-2.4036
63.997	2.3991	-3.345
64.998	1.2504	-4.0796
65.999	0.076864	-4.3864
67	-1.2402	-4.2815
68.001	-2.3183	-3.8574
69.002	-3.4792	-2.8863
70.003	-3.9756	-2.0828
71.004	-4.3241	-1.0692
72.005	-4.3547	0.32148
73.006	-4.0389	1.3736
74.007	-3.5249	2.2343
75.008	-2.6985	3.0138
76.009	-1.9367	3.4474
77.01	-0.78611	3.7587
78.011	-0.063193	3.7876
79.012	0.74226	3.6665
80.013	1.6244	3.3151
81.014	2.5015	2.6635
82.015	3.1611	1.8327
83.016	3.6486	0.66737
83.983	3.7624	-0.45618
84.984	3.5917	-1.507
85.985	3.3448	-2.0844
86.986	2.7808	-2.9336
87.987	1.9564	-3.695
88.988	0.95559	-4.195
89.989	0.011461	-4.3873
90.99	-0.92446	-4.2902
91.991	-1.9314	-3.8809
92.992	-2.7358	-2.9087
93.993	-3.5959	-1.5892
94.994	-4.3097	-0.23008
95.995	-4.3653	0.28489
96.996	-4.0604	1.2895
97.997	-3.4166	2.3662
98.998	-2.6311	3.0903
100	-1.9264	3.4456
101	-1.0525	3.7178
102	-0.13469	3.7823
103	0.5692	3.7133
104	0.71219	3.6929
105.01	2.1158	3.0046
106.01	2.8545	2.2611
107.01	3.458	1.2507
108.01	3.7305	0.23102
109.01	3.7373	0.15211
110.01	3.7305	0.12793
111.01	3.718	0.058535
112.01	3.7485	-0.64315
113.01	3.5811	-1.5269
114.01	3.1501	-2.4427
114.98	2.5243	-3.2317
115.98	1.4503	-3.9821
116.98	0.28782	-4.3391
117.98	-0.77175	-4.3651
118.99	-1.853	-4.0888
119.99	-2.684	-3.6299
120.99	-3.5886	-2.7662
121.99	-4.1474	-1.6727
122.99	-4.367	-0.7358
123.99	-4.3468	0.37211
124.99	-3.9336	1.5999
125.99	-3.357	2.4406
126.99	-2.3838	3.2252
127.99	-1.7928	3.5118
129	-0.95559	3.7363
130	-0.24887	3.8125
131	0.30799	3.759
132	0.74638	3.6702
133	1.4332	3.392
134	1.9681	3.0947
135	2.5779	2.5976
136	2.9518	2.1492
137	3.1921	1.7965
138	3.5657	0.93782
139.01	3.7055	0.38985
140.01	3.7565	-0.027893
141.01	3.6923	-0.90255
142.01	3.4364	-1.9366
143.01	3.0149	-2.6711
144.01	2.4836	-3.2389
145.01	1.6952	-3.8459
146.01	0.71186	-4.2673
147.01	-0.36184	-4.4043
148.01	-1.2941	-4.2865
149.01	-2.2304	-3.9314
149.98	-3.2382	-3.1519
150.98	-3.8999	-2.256
151.99	-4.1378	-1.7198
152.99	-4.3371	-0.91612
153.99	-4.3801	-0.091748
154.99	-4.1841	0.99195
155.99	-3.7972	1.8478
156.99	-3.2747	2.5298
157.99	-2.4553	3.1813
158.99	-1.6397	3.5598
159.99	-0.74578	3.7743
160.99	0.082301	3.7888
162	0.78529	3.6515
163	1.3051	3.4827
164	1.7565	3.2284
165	1.9395	3.1151
166	2.6082	2.5117
167	2.982	2.0927
168	3.3239	1.5468
169	3.6282	0.73245
170	3.7245	0.32755
171	3.7262	-0.76386
172.01	3.5935	-1.4145
173.01	3.2958	-2.1208
174.01	2.9109	-2.777
175.01	2.387	-3.3614
176.01	1.5825	-3.9151
177.01	0.70755	-4.2335
178.01	-0.26834	-4.3675
179.01	-1.3723	-4.2585
180.01	-2.1271	-3.9903
181.01	-2.7784	-3.5618
182.01	-3.2244	-3.1569
182.98	-3.7523	-2.5097
183.98	-4.1058	-1.8211
184.98	-4.2778	-1.2871
185.99	-4.3861	-0.34401
186.99	-4.3628	0.18617
187.99	-4.1804	1.0079
188.99	-3.7931	1.8234
189.99	-3.1508	2.6341
190.99	-2.9515	2.8574
191.99	-2.3211	3.267
192.99	-1.7201	3.5452
193.99	-0.97512	3.7366
194.99	-0.52717	3.7672
196	-0.13332	3.786
197	0.49344	3.7233
198	1.0031	3.5924
199	1.958	3.104
200	2.4449	2.7132
201	2.8857	2.2165
202	3.3339	1.5089
203	3.5886	0.89373
204	3.7374	0.048554
205.01	3.7273	-0.76517
206.01	3.6869	-1.1069
207.01	3.4597	-1.797
208.01	3.216	-2.3466
209.01	2.7973	-2.9406
210.01	2.4942	-3.2871
211.01	1.8498	-3.7705
212.01	1.3543	-4.0201
213.01	0.59366	-4.2531
214.01	-0.27854	-4.3879
215.01	-1.0621	-4.3393
215.98	-1.5283	-4.2036
216.98	-2.3015	-3.8958
217.98	-3.0364	-3.3612
218.99	-3.5768	-2.783
219.99	-3.8205	-2.3853
220.99	-4.1956	-1.5194
221.99	-4.3743	-0.70527
222.99	-4.3586	0.1545
223.99	-4.1356	1.0974
224.99	-3.8416	1.7116
225.99	-3.8371	1.7156
226.99	-3.6398	1.0996
227.99	-3.8928	1.1433
229	-3.8216	1.2022
230	-3.8286	1.1994
231	-3.8195	1.2098
232	-3.8198	1.219
233	-3.827	1.2354
234	-3.8219	1.2299
235	-3.8682	1.1854
236	-3.1349	0.34493
237	-3.1044	0.27872
238	-3.1078	0.30392
239.01	-3.1043	0.28948
240.01	-2.9538	-0.49734
241.01	-2.5245	-2.9218
242.01	-2.7808	-3.5548
243.01	-2.3131	-3.8618
244.01	-1.5949	-4.1841
245.01	-0.74494	-4.3673
246.01	0.16245	-4.367
247.01	1.0324	-4.1571
248.01	2.0362	-3.6319
249.01	2.9014	-2.8055
249.98	3.36	-2.0604
250.98	3.7263	-0.68684
251.99	3.658	0.60778
252.99	3.3705	1.4492
253.99	2.5998	2.5332
254.99	1.7374	3.2286
255.99	1.4063	3.4153
256.99	0.813	3.613
257.99	-0.21065	3.7748
258.99	-1.1788	3.7108
259.99	-1.6935	3.5567
260.99	-2.2601	3.311
262	-3.161	2.6253
263	-4.0392	1.3542
264	-4.3576	0.22697
265	-4.3577	-0.80294
266	-4.0479	-1.9273
267	-3.8851	-2.2797
268	-2.9513	-3.4195
269	-1.9611	-4.0638
270	-0.63189	-4.3869
271	0.46938	-4.3009
272.01	1.6501	-3.8575
273.01	2.4344	-3.2937
274.01	2.7602	-2.9511
275.01	3.3621	-2.0429
276.01	3.6493	-1.1822
277.01	3.7057	0.31195
278.01	3.3678	1.4372
279.01	2.5422	2.6195
280.01	2.1501	2.9528
281.01	2.0546	3.0113
282.01	1.813	3.1799
282.98	0.89076	3.6048
283.98	0.31618	3.7166
284.98	-0.85945	3.7472
285.99	-1.6643	3.5565
286.99	-2.3501	3.2676
287.99	-2.2904	3.307
288.99	-2.2849	3.297
289.99	-2.2927	3.2878
290.99	-2.2941	3.2784
291.99	-2.2746	3.2684
292.99	-2.2839	3.2681
293.99	-2.2839	3.2681
294.99	-2.3033	3.2685
296	-2.3043	3.2793
297	-2.6839	3.0339
298	-2.9287	2.8433
299	-3.4499	2.3032
300	-3.9744	1.4904
301	-4.3105	0.45987
302	-4.3678	-0.74416
303	-4.2517	-1.3473
304	-3.9045	-2.2414
305.01	-3.4939	-2.8725
306.01	-2.7289	-3.6174
307.01	-1.9155	-4.0656
308.01	-1.4525	-4.2141
309.01	-0.10655	-4.3752
310.01	1.0949	-4.1146
311.01	2.2277	-3.479
312.01	3.1351	-2.4665
313.01	3.6029	-1.3959
314.01	3.7451	-0.26478
315.01	3.602	0.80181
315.98	3.4285	1.3264
316.98	3.0198	2.0256
317.98	2.061	3.008
318.99	1.0686	3.5429
319.99	0.29654	3.7468
320.99	-0.38223	3.8128
321.99	-1.5416	3.6241
322.99	-2.4505	3.2045
323.99	-3.5292	2.2302
324.99	-4.0058	1.4354
325.99	-4.3303	0.43957
326.99	-4.3582	-0.78444
327.99	-4.176	-1.6154
329	-3.6147	-2.698
330	-3.0005	-3.3541
331	-2.2081	-3.9197
332	-1.7086	-4.1555
333	-0.19617	-2.5213
334	-0.30935	-2.3755
335	-0.33256	-2.4008
336	-0.34188	-2.4012
337	-0.32933	-2.3894
338	-0.32398	-2.3808
339.01	0.28668	-2.475
340.01	1.7945	-0.99215
341.01	3.2018	0.7629
342.01	3.5357	1.0034
343.01	3.5357	1.0416
344.01	3.5346	1.0587
345.01	3.5307	1.1035
346.01	3.4954	1.1645
347.01	3.4395	1.2874
348.01	3.229	1.375
349.01	2.7857	1.5623
349.98	1.1054	0.55706
350.98	-0.018244	-1.6043
351.99	NaN	NaN
352.99	-0.056045	-3.9825
353.99	0.059519	-3.8252
354.99	0.25247	-3.4348
355.99	0.038743	-3.2019
356.99	-1.3935	-2.1102
357.99	-3.0852	-0.93582
358.99	-3.6521	-1.2724
359.99	-3.6352	-1.2746
360.99	-3.5978	-1.2569
362	-3.6581	-1.1782
363	-3.7433	-1.1366
364	-4.2789	-0.98228
365	-4.3277	-1.014
366	-4.3292	-1.0316
367	-4.2807	-1.2325
368	-4.3386	-1.014
369	-4.404	-0.3039
370	-4.3048	0.53982
371	-4.0559	1.3321
372.01	-3.7959	1.8458
373.01	-3.3139	2.4823
374.01	-2.4915	3.1701
375.01	-1.6412	3.5911
376.01	-0.70755	3.794
377.01	-0.038223	3.7937
378.01	0.43226	3.7195
379.01	1.0967	3.543
380.01	1.8212	3.1872
381.01	2.3573	2.7691
382.01	2.9027	2.2136
382.98	3.276	1.6319
383.98	3.5415	1.0283
384.98	3.7076	0.31539
385.99	3.7563	-0.1326
386.99	3.7077	-0.89825
387.99	3.5326	-1.6411
388.99	3.1211	-2.4809
389.99	2.5	-3.237
390.99	1.6522	-3.8603
391.99	0.55258	-4.2907
392.99	-0.29665	-4.4055
393.99	-0.94925	-4.3507
394.99	-2.1206	-3.9838
396	-2.9095	-3.4541
397	-3.4937	-2.8616
398	-3.9628	-2.1369
399	-4.231	-1.4316
400	-4.3549	-0.85458
401	-4.386	0.036391
402	-4.24	0.79028
403	-3.9285	1.5872
404	-3.5846	2.1706
405.01	-2.8957	2.848
406.01	-1.9837	3.4268
407.01	-1.3346	3.6568
408.01	-0.37268	3.8128
409.01	0.3265	3.7579
410.01	1.1213	3.5477
411.01	2.0233	3.0639
412.01	2.3652	2.7854
413.01	2.9002	2.2121
414.01	3.0569	1.9859
415.01	3.3794	1.4305
415.98	3.6488	0.686
416.98	3.7281	0.21132
417.98	3.7574	-0.19181
418.99	3.7086	-0.9169
419.99	3.6036	-1.3962
420.99	3.2859	-2.1967
421.99	2.7893	-2.9321
422.99	2.0798	-3.5993
423.99	1.4709	-3.9748
424.99	0.9823	-4.1833
425.99	0.44775	-4.3028
426.99	-0.096339	-4.368
427.99	-0.75304	-4.3657
429	-1.4175	-4.255
430	-2.0652	-3.9953
431	-2.7702	-3.5631
432	-3.2478	-3.1424
433	-3.6675	-2.6347
434	-3.9054	-2.2518
435	-4.077	-1.9084
436	-4.2782	-1.2975
437	-4.367	-0.55424
438	-4.3753	0.073974
439.01	-4.2433	0.78405
440.01	-3.9462	1.5459
441.01	-3.431	2.3221
442.01	-2.7484	2.9765
443.01	-2.4352	3.2094
444.01	-1.8353	3.5169
445.01	-1.8248	3.5226
446.01	-1.8168	3.4981
447.01	-1.8151	3.4888
448.01	-1.8137	3.5061
449.01	-1.8035	3.4954
449.98	-1.7894	3.5192
450.98	-1.7503	3.5171
451.99	-1.7298	3.516
452.99	-1.7073	3.5418
453.99	-1.7162	3.5411
454.99	-1.7075	3.5422
455.99	-1.6225	3.6004
456.99	-0.94645	3.7557
457.99	-0.24821	3.7864
458.99	0.24768	3.7648
459.99	0.40736	3.7516
460.99	1.1078	3.5445
462	1.2386	3.4936
463	1.6228	3.3238
464	1.9954	3.084
465	2.4809	2.6905
466	2.8277	2.3024
467	3.1708	1.8132
468	3.4839	1.1408
469	3.6666	0.55214
470	3.7562	-0.039423
471	3.7482	-0.61278
472.01	3.6013	-1.4425
473.01	3.3473	-2.1246
474.01	2.8843	-2.8363
475.01	2.3869	-3.3614
476.01	1.8149	-3.7734
477.01	1.4402	-3.9727
478.01	1.3926	-4.001
479.01	1.4219	-4.0013
480.01	1.4226	-3.9934
481.01	1.4238	-3.9848
482.01	1.3175	-4.0413
482.98	1.2289	-4.0965
483.98	1.2132	-4.0901
484.98	1.2022	-4.0695
485.99	1.211	-4.0593
486.99	1.2209	-4.0705
487.99	1.2038	-4.0805
488.99	1.2094	-4.0657
489.99	1.2217	-4.0507
490.99	1.2052	-4.0731
491.99	1.2047	-4.0808
492.99	1.1953	-4.0715
493.99	1.202	-4.0404
494.99	1.2124	-4.0506
496	1.2134	-4.0805
497	1.2075	-4.0747
498	1.194	-4.0708
499	1.1856	-4.0716
500	1.2004	-4.086
501	1.184	-4.0887
502	1.1853	-4.0901
503	1.1827	-4.0974
504	1.1825	-4.0781
505.01	1.1817	-4.0681
506.01	1.1863	-4.0634
507.01	1.1836	-4.0887
508.01	1.1935	-4.0893
509.01	1.2163	-4.093
510.01	1.2134	-4.0802
511.01	1.2208	-4.0889
512.01	1.2118	-4.0887
513.01	1.2049	-4.0812
514.01	1.2036	-4.0806
515.01	1.1928	-4.0692
515.98	1.1828	-4.0868
516.98	1.2232	-4.0895
517.98	1.2525	-4.0908
518.99	1.2618	-4.0902
519.99	1.2713	-4.0724
520.99	1.2599	-4.099
521.99	1.2709	-4.0917
522.99	1.2597	-4.0885
523.99	1.2709	-4.0722
524.99	1.2723	-4.073
525.99	1.2627	-4.0914
526.99	1.2698	-4.0906
527.99	1.2598	-4.0798
529	1.2709	-4.0722
530	1.2709	-4.0726
531	1.2625	-4.0907
532	1.2709	-4.0913
533	1.2801	-4.0616
534	1.2713	-4.0711
535	1.2709	-4.0721
536	1.2639	-4.0724
537	1.2713	-4.0915
538	1.2625	-4.0906
539.01	1.2709	-4.0899
540.01	1.2713	-4.0711
541.01	1.2713	-4.0724
542.01	1.2629	-4.0717
543.01	1.2625	-4.0715
544.01	1.2663	-4.0797
545.01	1.2713	-4.091
546.01	1.2706	-4.0906
547.01	1.2816	-4.07
548.01	1.2556	-4.0732
549.01	1.2514	-4.0925
549.98	1.259	-4.0871
550.98	1.039	-4.1639
551.99	0.55343	-4.307
552.99	-0.10511	-4.3888
553.99	-0.59173	-4.3945
554.99	-1.1999	-4.3162
555.99	-1.6629	-4.1603
556.99	-2.1853	-3.9159
557.99	-2.4252	-3.7915
558.99	-3.0463	-3.3424
559.99	-3.2155	-3.1955
560.99	-3.6778	-2.5981
562	-3.9978	-2.0089
563	-4.0677	-1.9464
564	-4.0812	-1.9028
565	-4.227	-1.4158
566	-4.3678	-0.68922
567	-4.3582	0.24619
568	-4.1229	1.1608
569	-3.7206	1.9346
570	-3.0743	2.7305
571	-2.3452	3.2726
572.01	-1.8139	3.5356
573.01	-1.682	3.5651
574.01	-1.6346	3.4771
575.01	-1.3646	3.4492
576.01	-0.74661	3.5841
577.01	-1.2518	2.6565
578.01	-2.7803	1.6423
579.01	-3.4215	2.2527
580.01	-3.3953	2.0383
581.01	-2.6364	0.394
582.01	-2.0624	-1.6516
582.98	-2.0153	-3.9378
583.98	-2.0854	-3.929
584.98	-2.0873	-3.9296
585.99	-2.0106	-3.8252
586.99	-2.0497	-3.7707
587.99	-2.0452	-3.7654
588.99	-2.0478	-3.7618
589.99	-2.0424	-3.739
590.99	-2.1105	-3.669
591.99	-3.3819	-2.9519
592.99	-3.9623	-1.9831
593.99	-4.2437	-1.3201
594.99	-4.3192	-1.0703
596	-4.3575	-0.85047
597	-4.3966	-0.3043
598	-4.3448	0.39834
599	-4.1213	1.1966
