0	-4.1332	1.0553
1.001	-4.0681	1.6668
2.002	-4.7645	2.4669
3.003	-4.2748	1.8176
4.004	-4.2827	1.6781
5.005	-3.2467	0.54713
6.006	NaN	NaN
7.007	-1.9394	3.5304
8.008	-1.6574	3.9174
9.009	-1.7318	3.9538
10.01	-1.4502	3.9739
11.011	-0.42294	3.8411
12.012	0.60204	3.4731
13.013	1.2916	3.0148
14.014	2.1353	2.1164
15.015	2.5423	1.3085
16.016	2.7412	0.31218
16.983	2.6553	-0.68696
17.984	2.2887	-1.5924
18.985	1.7875	-2.2964
19.986	1.0792	-2.9262
20.987	0.39675	-3.3071
21.988	-0.59541	-3.6238
22.989	-1.243	-3.6914
23.99	-1.0924	-3.6914
24.991	-0.7381	-3.6585
25.992	-0.68743	-3.6443
26.993	0.20652	-3.38
27.994	1.1172	-2.8875
28.995	1.8356	-2.2383
29.996	2.2584	-1.6369
30.997	2.5899	-0.7821
31.998	2.7394	0.064495
32.999	2.5883	1.1194
34	2.5315	1.1854
35.001	2.4201	1.5538
36.002	1.8704	2.4458
37.003	1.3922	2.9082
38.004	0.81647	3.3216
39.005	0.10359	3.6632
40.006	-0.84878	3.8875
41.007	-1.6574	3.9362
42.008	-2.4551	3.8204
43.009	-2.5591	3.8103
44.01	-3.1165	3.6062
45.011	-3.8708	3.2114
46.012	-4.3116	2.88
47.013	-4.8856	2.3054
48.014	-5.2411	1.7377
49.015	-5.479	1.1566
50.016	-5.6407	0.34842
50.984	-5.5933	-0.41104
51.985	-5.4221	-1.1179
52.986	-5.1703	-1.6017
53.987	-4.9041	-2.0225
54.988	-4.8573	-2.0607
55.989	-4.6613	-1.9341
56.99	-4.8034	-2.073
57.991	-4.9234	-2.0322
58.992	-5.0592	-1.8669
59.993	-5.2741	-1.4695
60.994	-5.4066	-1.1599
61.995	-5.5553	-0.69558
62.996	-5.6481	0.046406
63.997	-5.6143	0.65889
64.998	-5.4905	1.1868
65.999	-5.4221	1.3836
67	-5.0084	2.1471
68.001	-4.4155	2.8238
69.002	-4.4057	2.8332
70.003	-3.8581	3.2469
71.004	-3.1834	3.5883
72.005	-2.5785	3.7938
73.006	-1.7233	3.9362
74.007	-0.98877	3.9087
75.008	-1.0829	3.9268
76.009	-1.0264	3.8986
77.01	-1.0915	3.9277
78.011	-0.97984	3.9264
79.012	-0.6677	3.8898
80.013	-0.10524	3.7372
81.014	0.46143	3.5131
82.015	1.0047	3.2073
83.016	1.4891	2.8172
83.983	1.8816	2.4375
84.984	2.127	2.0984
85.985	2.4527	1.4747
86.986	2.6626	0.81651
87.987	2.7218	0.085253
88.988	2.6747	-0.48778
89.989	2.4783	-1.1501
90.99	2.1638	-1.7683
91.991	1.9752	-2.06
92.992	1.9836	-2.0412
93.993	1.9667	-2.033
94.994	1.9678	-2.0431
95.995	1.9667	-2.033
96.996	1.9486	-2.0423
97.997	1.9494	-2.044
98.998	1.948	-2.0424
99.999	1.9399	-2.0435
101	1.9586	-2.0718
102	1.9386	-2.1082
103	1.9205	-2.0995
104	1.9206	-2.109
105.01	1.9206	-2.0996
106.01	1.92	-2.0988
107.01	1.9293	-2.0895
108.01	1.9582	-2.071
109.01	1.9305	-2.0905
110.01	1.9475	-2.0703
111.01	1.9387	-2.0801
112.01	1.93	-2.0721
113.01	1.9294	-2.0897
114.01	1.9484	-2.08
114.98	1.9481	-2.071
115.98	1.9394	-2.0807
116.98	1.9583	-2.0527
117.98	1.957	-2.07
118.99	1.9554	-2.088
119.99	1.7421	-2.3448
120.99	1.3836	-2.6743
121.99	1.0112	-2.952
122.99	0.69548	-3.1529
123.99	0.40492	-3.2865
124.99	-0.080514	-3.4793
125.99	-0.67005	-3.6243
126.99	-1.22	-3.6764
127.99	-1.0924	-3.6914
129	-0.9243	-3.67
130	-1.0735	-3.6914
131	-1.6213	-3.6923
132	-2.0368	-3.6468
133	-2.8117	-3.4794
134	-3.6028	-3.1496
135	-3.9725	-2.9172
136	-4.2808	-2.6984
137	-4.5363	-2.4645
138	-4.9129	-2.021
139.01	-5.27	-1.4556
140.01	-5.3959	-1.1489
141.01	-5.5965	-0.48013
142.01	-5.643	0.10438
143.01	-5.6036	0.61118
144.01	-5.5864	0.7185
145.01	-5.4629	1.2348
146.01	-5.1867	1.8445
147.01	-4.7927	2.4196
148.01	-4.462	2.7683
148.98	-4.4435	2.7897
149.98	-4.4801	2.7759
150.98	-4.4538	2.7778
151.99	-4.4589	2.775
152.99	-4.4329	2.7938
153.99	-4.4365	2.7789
154.99	-4.4537	2.7693
155.99	-4.4159	2.7866
156.99	-4.4367	2.7624
157.99	-4.4378	2.7529
158.99	-4.4343	2.7862
159.99	-4.4423	2.7694
160.99	-4.4437	2.7669
162	-4.4265	2.7786
163	-4.4259	2.7686
164	-4.4547	2.7692
165	-4.4636	2.778
166	-4.4611	2.7763
167	-4.4343	2.7784
168	-4.4811	2.7585
169	-4.4615	2.7685
170	-4.4543	2.769
171	-4.471	2.7672
172.01	-4.4614	2.7761
173.01	-4.4728	2.7683
174.01	-4.4796	2.7659
175.01	-4.4931	2.7605
176.01	-4.4532	2.7767
177.01	-4.453	2.777
178.01	-4.4684	2.7735
179.01	-4.4927	2.7605
180.01	-4.4804	2.7669
181.01	-4.4772	2.773
181.98	-4.4957	2.7633
182.98	-4.4636	2.778
183.98	-4.4535	2.7866
184.98	-4.4438	2.7953
185.99	-4.4818	2.7585
186.99	-4.4799	2.7569
187.99	-4.5029	2.761
188.99	-4.4246	2.7577
189.99	-4.3129	2.9098
190.99	-4.4334	2.8129
191.99	-4.7453	2.4572
192.99	-5.0627	2.0316
193.99	-5.0882	2.0272
194.99	-5.0843	2.0232
196	-5.0893	2.0378
197	-5.0945	2.0152
198	-5.0851	2.0246
199	-5.0738	2.0411
200	-5.0464	2.0896
201	-4.8407	2.1388
202	-4.2072	2.2877
203	-3.5031	2.6273
204	-3.0228	2.9851
205.01	-3.0051	3.6238
206.01	-2.9762	3.6627
207.01	-3.0322	3.6632
208.01	-3.0317	3.6627
209.01	-3.126	3.6345
210.01	-3.3869	3.5
211.01	-3.8696	3.2111
212.01	-4.3878	2.8151
213.01	-4.8497	2.3165
214.01	-5.1013	1.9938
214.98	-5.3335	1.5476
215.98	-5.5354	0.96854
216.98	-5.6285	0.38327
217.98	-5.6293	0.3843
218.99	-5.6209	0.35925
219.99	-5.6289	0.12718
220.99	-5.623	-0.21567
221.99	-5.5842	-0.48026
222.99	-5.5354	-0.74235
223.99	-5.4118	-1.1186
224.99	-5.1598	-1.6375
225.99	-4.8512	-2.0738
226.99	-4.863	-2.095
227.99	-4.7454	-2.2319
229	-4.5376	-2.2614
230	-4.1733	-2.0885
231	-3.6171	-2.6375
232	-3.4621	-3.1513
233	-3.425	-3.2072
234	-3.2664	-3.3029
235	-2.9846	-3.4168
236	-2.4662	-3.5772
237	-1.9648	-3.6602
238	-1.5735	-3.6836
239.01	-1.0085	-3.6642
240.01	-0.26828	-3.5364
241.01	-0.048453	-3.4736
242.01	-0.047958	-3.474
243.01	0.27111	-3.3317
244.01	0.89617	-2.9957
245.01	1.0924	-2.891
246.01	1.2802	-2.7584
247.01	1.534	-2.5413
248.01	1.7717	-2.2899
248.98	1.9877	-2.0157
249.98	2.2014	-1.7112
250.98	2.3158	-1.5156
251.99	2.4556	-1.2219
252.99	2.539	-0.99383
253.99	2.6725	-0.4582
254.99	2.7223	0.10216
255.99	2.6403	0.85082
256.99	2.4588	1.4422
257.99	2.2131	1.9498
258.99	1.9093	2.3623
259.99	1.6117	2.6758
260.99	1.3665	2.9117
262	0.80833	3.3236
263	0.29911	3.5768
264	-0.37935	3.7925
265	-1.0269	3.9083
266	-1.3089	3.9174
267	-1.9897	3.8915
268	-2.3071	3.8515
269	-2.4372	3.8209
270	-2.9732	3.6602
271	-3.4007	3.4658
272.01	-3.7763	3.285
273.01	-3.9176	3.1827
274.01	-4.3029	2.8996
275.01	-4.6708	2.5426
276.01	-4.9802	2.164
277.01	-5.2749	1.6683
278.01	-5.498	1.082
279.01	-5.6205	0.44125
280.01	-5.6346	-0.075584
281.01	-5.5387	-0.68878
282.01	-5.4524	-0.98877
282.98	-5.4449	-0.99118
283.98	-5.4374	-1.0777
284.98	-5.3189	-1.3459
285.99	-5.0934	-1.7415
286.99	-4.9721	-1.9405
287.99	-4.7636	-2.1932
288.99	-4.3591	-2.6077
289.99	-3.8597	-2.9843
290.99	-3.2772	-3.2869
291.99	-2.6248	-3.5194
292.99	-2.4351	-3.5848
293.99	-2.1856	-3.6262
294.99	-1.761	-3.6726
296	-1.1394	-3.6726
297	-0.3856	-3.5506
298	-0.2913	-3.5404
299	-0.31166	-3.5495
300	-0.27534	-3.5482
301	-0.32159	-3.5492
302	-0.25426	-3.5313
303	-0.21514	-3.5136
304	-0.13602	-3.4989
305.01	0.065219	-3.3984
306.01	0.23417	-3.0032
307.01	0.2342	-2.4501
308.01	0.27372	-2.0438
309.01	0.59463	-1.781
310.01	1.1389	-1.8925
311.01	1.4108	-2.13
312.01	1.5157	-2.2514
313.01	1.5153	-2.534
314.01	1.4596	-2.6085
315.01	1.3574	-2.7043
315.98	1.2148	-2.8156
316.98	1.0136	-2.965
317.98	0.63048	-3.1921
318.99	0.13045	-3.4165
319.99	-0.38737	-3.5676
320.99	-1.0264	-3.682
321.99	-1.5239	-3.6922
322.99	-1.8899	-3.6797
323.99	-2.2577	-3.6259
324.99	-2.4796	-3.5822
325.99	-3.0005	-3.4236
326.99	-3.3956	-3.2543
327.99	-3.8661	-2.9995
329	-4.2371	-2.7207
330	-4.6302	-2.3603
331	-4.9667	-1.9446
332	-5.1202	-1.7018
333	-5.3955	-1.1578
334	-5.4319	-0.85916
335	-5.0839	-1.0061
336	-4.3977	-1.6103
337	-3.6732	-2.1381
338	-3.0613	-2.4401
339.01	-2.656	-3.0889
340.01	-2.4879	-3.5235
341.01	-2.2403	-3.6248
342.01	-2.0731	-3.6456
343.01	-1.8045	-3.6795
344.01	-1.599	-3.6801
345.01	-0.89282	-3.6423
346.01	-0.19825	-3.5121
347.01	0.12428	-3.4105
348.01	0.17806	-3.3895
349.01	0.66805	-3.1445
349.98	1.0645	-2.8898
350.98	1.6847	-2.3885
351.99	2.0399	-1.9639
352.99	2.2402	-1.6375
353.99	2.481	-1.1622
354.99	2.606	-0.73171
355.99	2.7225	0.15915
356.99	2.5991	0.96994
357.99	2.5237	1.2242
358.99	2.2149	1.895
359.99	1.7511	2.5422
360.99	0.90109	3.2644
362	0.016285	3.68
363	-0.76507	3.8865
364	-1.0274	3.9092
365	-1.8556	3.9083
366	-2.2702	3.8333
367	-3.0311	3.6337
368	-3.8308	3.2376
369	-4.4349	2.7775
370	-5.0073	2.1527
371	-5.1501	1.9094
372.01	-5.3263	1.5867
373.01	-5.4429	1.2713
374.01	-5.6024	0.63957
375.01	-5.6384	0.11952
376.01	-5.6242	-0.14204
377.01	-5.5833	-0.48826
378.01	-5.4465	-1.0098
379.01	-5.3365	-1.3065
380.01	-5.1687	-1.6279
381.01	-4.9798	-1.9204
382.01	-4.7524	-2.2115
382.98	-4.5009	-2.4762
383.98	-4.1295	-2.7936
384.98	-3.5547	-3.1671
385.99	-3.1619	-3.3512
386.99	-2.5296	-3.5556
387.99	-1.8457	-3.6632
388.99	-1.0735	-3.667
389.99	-0.6246	-3.614
390.99	0.19464	-3.3765
391.99	0.78189	-3.0786
392.99	0.83857	-3.0509
393.99	1.0732	-2.8992
394.99	1.1177	-2.8772
396	1.5438	-2.523
397	2.0499	-1.9448
398	2.3529	-1.4489
399	2.51	-1.1254
400	2.5237	-1.0735
401	2.5146	-1.1211
402	2.5143	-1.1112
403	2.5155	-1.1215
404	2.5216	-1.118
405.01	2.5152	-1.122
406.01	2.5213	-1.1185
407.01	2.5146	-1.1023
408.01	2.5228	-1.1012
409.01	2.5068	-1.1125
410.01	2.5045	-1.11
411.01	2.5077	-1.1229
412.01	2.5032	-1.0995
413.01	2.5046	-1.0825
414.01	2.5107	-1.0885
415.01	2.5218	-1.0811
415.98	2.5131	-1.0905
416.98	2.5237	-1.0641
417.98	2.5203	-1.0977
418.99	2.5201	-1.0887
419.99	2.5231	-1.0918
420.99	2.5211	-1.0891
421.99	2.5227	-1.0819
422.99	2.5212	-1.0899
423.99	2.5215	-1.0992
424.99	2.5219	-1.0902
425.99	2.5214	-1.0895
426.99	2.5219	-1.0902
427.99	2.522	-1.0904
429	2.5233	-1.0637
430	2.5341	-1.0657
431	2.5197	-1.0789
432	2.514	-1.063
433	2.5137	-1.0635
434	2.5229	-1.0538
435	2.5237	-1.0547
436	2.5142	-1.0728
437	2.5134	-1.0629
438	2.513	-1.0631
439.01	2.5224	-1.0532
440.01	2.5143	-1.0641
441.01	2.523	-1.054
442.01	2.5218	-1.0622
443.01	2.5225	-1.0534
444.01	2.5032	-1.0717
445.01	2.5033	-1.0716
446.01	2.5019	-1.0798
447.01	2.5037	-1.0626
448.01	2.5049	-1.0547
449.01	2.5028	-1.0617
449.98	2.5037	-1.0626
450.98	2.4971	-1.0654
451.99	2.5041	-1.0729
452.99	2.5025	-1.0708
453.99	2.5033	-1.0716
454.99	2.5008	-1.0785
455.99	2.5032	-1.0717
456.99	2.5032	-1.0717
457.99	2.5045	-1.0637
458.99	2.5033	-1.0716
459.99	2.5032	-1.0717
460.99	2.5037	-1.0626
462	2.5041	-1.0822
463	2.5063	-1.0752
464	2.5059	-1.0746
465	2.5049	-1.0829
466	2.5049	-1.0735
467	2.5052	-1.074
468	2.5042	-1.0823
469	2.5049	-1.0735
470	2.5042	-1.0729
471	2.5036	-1.0723
472.01	2.503	-1.0811
473.01	2.5031	-1.0904
474.01	2.504	-1.0632
475.01	2.4868	-1.0836
476.01	2.5033	-1.0716
477.01	2.5046	-1.0731
478.01	2.5055	-1.0641
479.01	2.5056	-1.0735
480.01	2.5056	-1.0735
481.01	2.5331	-1.0735
482.01	2.5429	-1.0637
482.98	2.5523	-1.0081
483.98	2.5426	-1.0076
484.98	2.5891	-0.89381
485.99	2.7095	-0.20576
486.99	2.6947	0.55486
487.99	2.5426	1.2054
488.99	2.1852	1.9591
489.99	1.6751	2.636
490.99	1.0249	3.1651
491.99	0.18834	3.6161
492.99	-0.42734	3.8008
493.99	-0.97935	3.8986
494.99	-1.8632	3.9067
496	-2.9106	3.6827
497	-3.8226	3.2482
498	-4.7067	2.4936
499	-5.0954	1.9861
500	-5.4104	1.3519
501	-5.6024	0.59236
502	-5.6312	0.1489
503	-5.6066	-0.29389
504	-5.4816	-0.90363
505.01	-5.2645	-1.4225
506.01	-5.0994	-1.7289
507.01	-4.8755	-2.0505
508.01	-4.7557	-2.2043
509.01	-4.6139	-2.3445
510.01	-4.1782	-2.7584
511.01	-3.5571	-3.1534
512.01	-3.3749	-3.2525
513.01	-3.1885	-3.3386
514.01	-2.9664	-3.4177
515.01	-2.3443	-3.5874
515.98	-1.6009	-3.6726
516.98	-0.7811	-3.6258
517.98	-0.20794	-3.5119
518.99	-0.048269	-3.474
519.99	0.1756	-3.3867
520.99	0.75262	-3.0964
521.99	1.2246	-2.7754
522.99	1.808	-2.2413
523.99	NaN	NaN
524.99	1.9113	-2.1278
525.99	1.9019	-2.1468
526.99	1.9013	-2.1455
527.99	1.8999	-2.1537
529	1.8988	-2.1525
530	1.8995	-2.1535
531	1.8988	-2.1525
532	1.9198	-2.1269
533	1.903	-2.1568
534	1.9113	-2.1562
535	1.9006	-2.1826
536	1.8902	-2.182
537	1.8919	-2.1743
538	1.9089	-2.1538
539.01	1.9287	-2.1359
540.01	1.965	-2.0489
541.01	2.2666	-1.5409
542.01	2.5402	-0.90141
543.01	2.6935	-0.16055
544.01	2.712	0.12329
545.01	2.7023	0.40442
546.01	2.5404	1.1935
547.01	2.419	1.5621
548.01	2.1914	1.9658
549.01	1.7233	2.5896
549.98	1.0448	3.173
550.98	0.15067	3.6349
551.99	-0.54539	3.8425
552.99	NaN	NaN
553.99	-2.4589	3.8047
554.99	-3.4293	3.4666
555.99	-4.1804	2.9835
556.99	-4.8771	2.2874
557.99	-5.2341	1.7497
558.99	-5.3861	1.4021
559.99	-5.6107	0.52454
560.99	-5.634	-0.047757
562	-5.5763	-0.49689
563	-5.4712	-0.91344
564	-5.2985	-1.3811
565	-5.045	-1.8155
566	-4.81	-2.1452
567	-4.5861	-2.3834
568	-4.2263	-2.7289
569	-3.87	-2.9764
570	-3.3555	-3.2688
571	-3.1042	-3.3764
572.01	-2.6533	-3.5203
573.01	-1.8551	-3.6632
574.01	-1.1583	-3.6726
575.01	-0.48968	-3.5878
576.01	-0.11143	-3.4838
577.01	0.58341	-3.2011
578.01	0.80805	-3.0773
579.01	0.96696	-2.9728
580.01	1.004	-2.6872
581.01	0.67708	-1.9501
582.01	0.51107	-0.77921
582.98	0.44136	0.37586
583.98	0.092823	1.6184
584.98	-0.48089	2.7868
585.99	-0.365	3.5858
586.99	-0.3395	3.7946
587.99	-0.49909	3.8335
588.99	-0.81232	3.887
589.99	-1.2995	3.9174
590.99	-1.9595	3.9102
591.99	-2.0529	3.908
592.99	-2.391	3.832
593.99	-2.4104	3.8409
594.99	-2.5724	3.7953
596	-3.23	3.5596
597	-3.9222	3.1781
598	-4.3766	2.8432
599	-4.8199	2.3715
