0	2.1581	0.55771
1.001	2.5896	-0.40492
2.002	2.2123	-1.5626
3.003	1.2807	-2.6838
4.004	0.16891	-3.2197
5.005	-1.0345	-3.5989
6.006	-1.9011	-2.7394
7.007	-3.0887	-1.4879
8.008	-4.668	-1.5004
9.009	-5.3335	-1.0303
10.01	-5.6036	0.064998
11.011	-5.4544	1.2119
12.012	-5.2915	1.685
13.013	-4.8582	2.3733
14.014	-4.2653	2.9658
15.015	-3.7639	3.3078
16.016	-3.5002	3.4818
16.983	-2.4751	3.8497
17.984	-1.5332	3.9559
18.985	-0.85743	3.9272
19.986	0.17712	3.67
20.987	0.82723	3.3596
21.988	1.5156	2.8424
22.989	2.2412	1.9022
23.99	2.4013	1.6103
24.991	2.552	1.2148
25.992	2.7215	0.32017
26.993	2.724	0.053828
27.994	2.5802	-0.82868
28.995	2.3904	-1.3737
29.996	2.0905	-1.8457
30.997	1.6673	-2.383
31.998	1.0735	-2.891
32.999	0.29144	-3.3237
34	-0.52028	-3.5855
35.001	-1.0619	-3.6646
36.002	-2.0811	-3.6349
37.003	-2.6924	-3.5116
38.004	-2.6932	-3.5125
39.005	-2.7117	-3.493
40.006	-2.7115	-3.4929
41.007	-2.7129	-3.4945
42.008	-2.6744	-3.4842
43.009	-2.7026	-3.4937
44.01	-2.7591	-3.4748
45.011	-2.7861	-3.4734
46.012	-2.7389	-3.4738
47.013	-2.7686	-3.4654
48.014	-2.778	-3.456
49.015	-2.778	-3.4466
50.016	NaN	NaN
50.984	-2.7121	-3.5031
51.985	-2.7497	-3.4842
52.986	-2.7218	-3.5029
53.987	-2.7497	-3.4842
54.988	-2.7591	-3.4842
55.989	-2.7492	-3.5025
56.99	-2.7379	-3.5091
57.991	-2.7865	-3.474
58.992	-2.7492	-3.5025
59.993	-2.7497	-3.4842
60.994	-2.7497	-3.4842
61.995	-2.7677	-3.474
62.996	-2.7483	-3.4907
63.997	-2.7963	-3.4743
64.998	-2.7968	-3.4654
65.999	-2.8156	-3.4654
67	-2.7874	-3.4842
68.001	-2.8439	-3.4654
69.002	NaN	NaN
70.003	-2.7557	-3.5073
71.004	NaN	NaN
72.005	-2.8235	-3.4731
73.006	-2.8235	-3.4731
74.007	-2.8251	-3.4654
75.008	NaN	NaN
76.009	NaN	NaN
77.01	-2.7497	-3.4842
78.011	-2.8439	-3.4654
79.012	-2.833	-3.4729
80.013	NaN	NaN
81.014	-2.8115	-3.4847
82.015	-2.8528	-3.4649
83.016	-2.8206	-3.4873
83.983	-2.8227	-3.4803
84.984	-2.8439	-3.4654
85.985	-2.8528	-3.4649
86.986	NaN	NaN
87.987	-2.793	-3.4951
88.988	-2.7968	-3.4748
89.989	-2.7686	-3.4654
90.99	-2.8439	-3.4466
91.991	NaN	NaN
92.992	-2.8062	-3.4654
93.993	-2.7497	-3.4842
94.994	-2.7583	-3.4927
95.995	-2.7497	-3.4842
96.996	-2.7968	-3.4654
97.997	-2.7497	-3.4842
98.998	-2.7587	-3.4743
99.999	-2.7686	-3.4842
101	-2.8251	-3.4466
102	NaN	NaN
103	-2.7968	-3.4466
104	NaN	NaN
105.01	-2.8062	-3.4654
106.01	-2.7497	-3.4654
107.01	-2.7309	-3.4654
108.01	-2.8156	-3.4466
109.01	-2.8251	-3.4466
110.01	-2.7492	-3.5025
111.01	-2.7497	-3.4748
112.01	-2.7874	-3.4654
113.01	-2.7874	-3.4842
114.01	-2.7874	-3.4654
114.98	NaN	NaN
115.98	NaN	NaN
116.98	NaN	NaN
117.98	-2.7659	-3.4886
118.99	-2.7874	-3.4654
119.99	-2.7467	-3.5176
120.99	-2.7263	-3.5321
121.99	-2.7263	-3.5321
122.99	NaN	NaN
123.99	-2.7568	-3.494
124.99	NaN	NaN
125.99	-2.7269	-3.5226
126.99	-2.7288	-3.5192
127.99	-2.7588	-3.4953
129	-2.7567	-3.4941
130	-2.7492	-3.5025
131	-2.8706	-3.464
132	-2.8622	-3.4649
133	-2.9004	-3.4466
134	NaN	NaN
135	-2.8439	-3.4654
136	-2.8627	-3.4466
137	-2.9004	-3.4466
138	-2.8721	-3.4372
139.01	NaN	NaN
140.01	NaN	NaN
141.01	-2.8032	-3.4988
142.01	NaN	NaN
143.01	-2.9001	-3.4525
144.01	-2.9381	-3.4277
145.01	-3.0134	-3.4089
146.01	-3.0511	-3.3901
147.01	-3.1546	-3.3524
148.01	-3.3872	-3.2553
148.98	NaN	NaN
149.98	-4.378	-2.5982
150.98	-5.0545	-1.834
151.99	-5.3001	-1.4015
152.99	-5.4685	-0.98608
153.99	-5.6427	-0.028251
154.99	-5.5842	0.82868
155.99	-5.2636	1.7325
156.99	-4.6425	2.5991
157.99	-4.0775	3.0887
158.99	-3.2838	3.5576
159.99	-2.4484	3.8515
160.99	-1.7577	3.9427
162	-1.4777	3.948
163	-1.2642	3.9438
164	-0.69846	3.8877
165	0.10271	3.6812
166	NaN	NaN
167	NaN	NaN
168	1.4879	2.8156
169	1.5444	2.7686
170	1.7892	2.5237
171	NaN	NaN
172.01	NaN	NaN
173.01	2.5511	1.1668
174.01	2.6744	0.64976
175.01	2.703	0.29142
176.01	2.6803	-0.32606
177.01	2.5237	-0.98877
178.01	2.2789	-1.5444
179.01	1.9399	-2.0623
180.01	1.5067	-2.5237
181.01	1.4125	-2.5991
181.98	1.0453	-2.9098
182.98	0.42376	-3.2582
183.98	-0.41434	-3.5596
184.98	-0.9511	-3.6632
185.99	-1.4031	-3.6726
186.99	-2.1479	-3.6269
187.99	-2.8133	-3.4823
188.99	-3.042	-3.3899
189.99	-3.0977	-3.3802
190.99	-3.2394	-3.3053
191.99	-3.2762	-3.3033
192.99	-3.5694	-3.1549
193.99	-3.8609	-2.9757
194.99	-3.8986	-2.9381
196	-3.9457	-2.9098
197	-3.9645	-2.891
198	-3.9645	-2.8816
199	-3.9645	-2.9098
200	NaN	NaN
201	-3.9739	-2.8816
202	-3.9551	-2.891
203	-3.9459	-2.9095
204	-3.9645	-2.891
205.01	NaN	NaN
206.01	-3.9833	-2.9098
207.01	-3.9465	-2.9199
208.01	-3.9457	-2.9192
209.01	-3.8986	-2.9381
210.01	-3.9927	-2.8627
211.01	-3.9739	-2.8627
212.01	-3.9927	-2.8627
213.01	-3.9362	-2.9192
214.01	-3.9371	-2.901
214.98	-3.9174	-2.9192
215.98	-3.9362	-2.9004
216.98	NaN	NaN
217.98	-3.964	-2.9093
218.99	-3.9551	-2.9004
219.99	-3.9645	-2.891
220.99	-3.9289	-2.9115
221.99	-3.9645	-2.891
222.99	-3.9378	-2.8828
223.99	-3.8986	-2.9192
224.99	-3.9362	-2.8816
225.99	-3.9265	-2.9565
226.99	-3.9645	-2.9286
227.99	-4.0785	-2.8256
229	-4.2658	-2.6838
230	-4.8585	-2.0803
231	-5.359	-1.225
232	-5.5818	-0.57207
233	-5.6501	0.19775
234	-5.444	1.3105
235	-5.0004	2.1565
236	-4.3846	2.8698
237	-3.6513	3.3795
238	-3.1546	3.5972
239.01	-2.6936	3.7771
240.01	-2.5619	3.653
241.01	-2.4502	2.7958
242.01	-2.6832	2.1382
243.01	-3.2088	2.0411
244.01	-4.2941	1.9493
245.01	-5.1334	1.4134
246.01	-5.5089	1.0829
247.01	-5.3866	1.4499
248.01	-5.038	2.11
248.98	-4.6322	2.6076
249.98	-3.7385	3.3242
250.98	-3.1905	3.6046
251.99	-2.1282	3.8986
252.99	-1.4596	3.9551
253.99	-0.54618	3.8609
254.99	0.31076	3.5972
255.99	0.7816	3.3618
256.99	1.6458	2.6821
257.99	2.1282	2.0811
258.99	2.2789	1.8363
259.99	2.3333	1.7307
260.99	2.381	1.6184
262	2.5614	1.1112
263	2.6932	0.40492
264	2.7048	-0.018834
265	2.6838	-0.38609
266	2.5043	-1.0538
267	2.2321	-1.6302
268	1.8928	-2.1376
269	1.4784	-2.552
270	1.13	-2.8439
271	0.51665	-3.2286
272.01	-0.13184	-3.4748
273.01	-0.9537	-3.6602
274.01	-1.2148	-3.6726
275.01	-1.8747	-3.6637
276.01	-2.622	-3.5353
277.01	-3.0317	-3.399
278.01	-3.0592	-3.398
279.01	-3.0407	-3.4071
280.01	-3.0211	-3.4164
281.01	-2.9885	-3.4319
282.01	-2.9646	-3.4352
282.98	-2.9646	-3.4352
283.98	-2.9925	-3.4249
284.98	-2.9993	-3.4222
285.99	-2.9993	-3.4222
286.99	-3.0021	-3.4167
287.99	-3.0089	-3.4148
288.99	-3.0019	-3.4156
289.99	-3.019	-3.4051
290.99	-3.0052	-3.3913
291.99	-3.0181	-3.4043
292.99	-3.0035	-3.399
293.99	-3.0031	-3.3987
294.99	-2.9743	-3.4162
296	-2.9757	-3.3901
297	-2.9552	-3.442
298	-3.0416	-3.3901
299	-3.0119	-3.4077
300	-2.9851	-3.4183
301	-2.9941	-3.4081
302	-3.004	-3.3995
303	-2.9838	-3.4257
304	-2.9846	-3.4273
305.01	-2.9664	-3.4335
306.01	-2.9851	-3.4183
307.01	-2.9664	-3.4271
308.01	-2.9864	-3.4104
309.01	-3.004	-3.3995
310.01	-2.9846	-3.4273
311.01	-2.9823	-3.4333
312.01	-2.9626	-3.439
313.01	-2.9829	-3.4246
314.01	-2.9738	-3.4306
315.01	-2.9834	-3.4156
315.98	-2.9757	-3.4277
316.98	-2.9741	-3.4304
317.98	-2.9946	-3.4183
318.99	-2.9659	-3.432
319.99	-2.9757	-3.4277
320.99	-2.9766	-3.4095
321.99	-2.9851	-3.3995
322.99	-2.9559	-3.4075
323.99	-2.9475	-3.4277
324.99	-2.9475	-3.4183
325.99	-2.9475	-3.4089
326.99	-2.9385	-3.4172
327.99	-2.9757	-3.3901
329	-2.9192	-3.4466
330	-2.9282	-3.427
331	-2.9091	-3.4272
332	-2.9381	-3.4277
333	-2.9569	-3.4089
334	-2.912	-3.4106
335	-2.8984	-3.4512
336	-2.9192	-3.4277
337	-2.9192	-3.4277
338	-2.8908	-3.4461
339.01	-2.9192	-3.4277
340.01	NaN	NaN
341.01	-2.9004	-3.4277
342.01	NaN	NaN
343.01	-2.8816	-3.4466
344.01	-2.891	-3.4277
345.01	-2.8816	-3.4466
346.01	NaN	NaN
347.01	-2.8627	-3.4466
348.01	NaN	NaN
349.01	-2.8816	-3.4466
349.98	-2.7656	-3.4871
350.98	-2.6343	-3.2792
351.99	-1.9847	-3.2461
352.99	-2.3349	-3.573
353.99	-2.6079	-3.2954
354.99	-2.7501	-2.7222
355.99	-3.3053	-2.6273
356.99	-3.6177	-3.058
357.99	-3.5967	-3.1448
358.99	-3.5183	-3.1893
359.99	-3.5087	-3.2065
360.99	-3.5304	-3.182
362	-3.4817	-3.2086
363	-3.4064	-3.2463
364	-3.0786	-3.3799
365	-2.4599	-3.5521
366	-2.1824	-3.6236
367	-2.0717	-3.6349
368	-1.7986	-3.6632
369	-1.5919	-3.6628
370	-1.3164	-3.6277
371	-0.95033	-2.8353
372.01	-0.60268	-1.7233
373.01	-1.1496	-0.83942
374.01	-1.9698	-0.34064
375.01	-3.0497	0.60364
376.01	-3.6711	1.4045
377.01	-4.707	1.9314
378.01	-4.9079	2.2301
379.01	-4.9062	2.3071
380.01	-4.9062	2.2977
381.01	-4.6722	2.573
382.01	-4.2376	2.9663
382.98	-3.7953	3.2957
383.98	-3.1923	3.5878
384.98	-2.2784	3.8699
385.99	-1.6098	3.946
386.99	-0.60268	3.8703
387.99	0.074826	3.6906
388.99	0.92285	3.2582
389.99	1.6479	2.7026
390.99	2.1282	2.0905
391.99	NaN	NaN
392.99	2.5323	1.1952
393.99	2.683	0.57373
394.99	2.7026	-0.14125
396	2.5426	-0.94169
397	2.4866	-1.112
398	2.4775	-1.1497
399	2.4861	-1.1489
400	2.4201	-1.2713
401	2.1188	-1.8269
402	1.7495	-2.2861
403	1.6479	-2.3919
404	1.3458	-2.6924
405.01	1.0829	-2.8721
406.01	0.51744	-3.2295
407.01	-0.10407	-3.4743
408.01	-0.75194	-3.6264
409.01	-1.3377	-3.6816
410.01	-1.7704	-3.6726
411.01	-2.5599	-3.5482
412.01	-3.0048	-3.4095
413.01	-3.2197	-3.3233
414.01	-3.3259	-3.2683
415.01	-3.7393	-3.0601
415.98	-4.4448	-2.5237
416.98	-4.9429	-1.9571
417.98	-5.4335	-1.0547
418.99	-5.6426	-0.054817
419.99	-5.5559	0.91344
420.99	-5.2704	1.7218
421.99	-4.6143	2.6179
422.99	-4.1995	3.0051
423.99	-3.1641	3.6067
424.99	-1.9587	3.9174
425.99	-0.80043	3.8986
426.99	-0.18161	3.7735
427.99	0.39551	3.5407
429	NaN	NaN
430	1.6668	2.6556
431	NaN	NaN
432	NaN	NaN
433	NaN	NaN
434	2.5796	1.035
435	2.7006	0.40314
436	2.6744	-0.33901
437	NaN	NaN
438	2.2589	-1.562
439.01	2.0514	-1.8913
440.01	1.7317	-2.3057
441.01	1.657	-2.3914
442.01	1.6574	-2.3825
443.01	1.6665	-2.3639
444.01	1.6762	-2.3542
445.01	1.6764	-2.3642
446.01	1.6762	-2.3542
447.01	1.703	-2.3339
448.01	1.6939	-2.3625
449.01	1.6848	-2.3722
449.98	1.6942	-2.363
450.98	1.6933	-2.3617
451.99	1.6942	-2.363
452.99	1.693	-2.3715
453.99	1.692	-2.37
454.99	1.6737	-2.3895
455.99	1.6663	-2.3914
456.99	1.6663	-2.3914
457.99	1.6663	-2.3631
458.99	1.6306	-2.4287
459.99	1.6103	-2.4107
460.99	1.6205	-2.4193
462	1.6287	-2.4018
463	1.6279	-2.3999
464	1.5706	-2.4747
465	1.5358	-2.5246
466	1.5603	-2.4943
467	1.5632	-2.4861
468	1.5514	-2.4931
469	1.5518	-2.4944
470	1.5538	-2.4955
471	1.5357	-2.515
472.01	1.5349	-2.5049
473.01	1.5533	-2.5138
474.01	1.5546	-2.5057
475.01	1.5156	-2.5703
476.01	1.3654	-2.6838
477.01	0.83728	-3.0504
478.01	0.28251	-3.3242
479.01	-0.53633	-3.5885
480.01	-1.1893	-3.6798
481.01	-2.034	-3.6537
482.01	-2.7006	-3.5105
482.98	-3.1735	-3.343
483.98	-3.4089	-3.23
484.98	-3.9371	-2.9295
485.99	-4.5201	-2.4484
486.99	-5.1564	-1.6626
487.99	-5.4623	-0.97079
488.99	-5.6434	-0.027501
489.99	-5.5366	1.0069
490.99	-5.1871	1.8629
491.99	-4.8585	2.336
492.99	-4.4726	2.7596
493.99	-3.9158	3.2191
494.99	-3.0973	3.6343
496	-2.0399	3.9045
497	-1.0829	3.9362
498	-0.47084	3.8327
499	-0.15862	3.6744
500	-0.094169	2.778
501	0.01021	2.3267
502	0.45201	1.7515
503	0.8381	1.2901
504	1.243	0.90402
505.01	NaN	NaN
506.01	NaN	NaN
507.01	2.3354	-0.80985
508.01	1.8457	-1.243
509.01	1.7421	-1.3749
510.01	1.7515	-1.356
511.01	1.7327	-1.3749
512.01	1.7421	-1.3749
513.01	1.7413	-1.3737
514.01	1.7312	-1.3921
515.01	1.7244	-1.4516
515.98	1.6856	-1.4784
516.98	1.6865	-1.488
517.98	1.7045	-1.469
518.99	1.695	-1.4784
519.99	1.7049	-1.4601
520.99	1.6955	-1.4694
521.99	1.695	-1.469
522.99	1.6849	-1.4867
523.99	1.6955	-1.4694
524.99	1.6856	-1.4973
525.99	1.6385	-1.5632
526.99	1.6385	-1.5444
527.99	1.5632	-1.6574
529	0.90261	-2.4851
530	0.56535	-3.1455
531	0.17892	-3.3901
532	-0.25528	-3.53
533	-1.0359	-3.6726
534	-1.8269	-3.6726
535	-2.2406	-3.6249
536	-3.0322	-3.3995
537	-3.3529	-3.2586
538	-3.9739	-2.9004
539.01	-4.5013	-2.4766
540.01	-5.0192	-1.8551
541.01	-5.375	-1.2314
542.01	-5.5822	-0.59101
543.01	-5.6436	0.2557
544.01	-5.5354	1.015
545.01	-5.2716	1.7212
546.01	-4.7651	2.4583
547.01	-4.0781	3.0895
548.01	-3.1735	3.5972
549.01	-2.5708	3.8044
549.98	-1.6009	3.9362
550.98	-0.58329	3.8711
551.99	0.32793	3.5953
552.99	NaN	NaN
553.99	1.6198	2.712
554.99	1.695	2.6367
555.99	2.0717	2.1659
556.99	2.2977	1.7986
557.99	2.4107	1.5161
558.99	2.5762	1.0787
559.99	2.6932	0.39551
560.99	2.702	-0.084002
562	NaN	NaN
563	2.3628	-1.3836
564	2.2499	-1.6006
565	2.2324	-1.6298
566	2.0811	-1.8551
567	1.7881	-2.24
568	1.3749	-2.6461
569	0.91342	-3.0033
570	0.57541	-3.1935
571	-0.22188	-3.5167
572.01	-0.42463	-3.5682
573.01	-0.33957	-3.5593
574.01	-0.37667	-3.5596
575.01	-0.28559	-3.5729
576.01	-0.40336	-3.5706
577.01	-0.42376	-3.5784
578.01	-0.39503	-3.5696
579.01	-0.39719	-3.5678
580.01	-0.40558	-3.5684
581.01	NaN	NaN
582.01	-0.43318	-3.5784
582.98	-0.38806	-3.5672
583.98	-0.33901	-3.5596
584.98	-0.37667	-3.5596
585.99	NaN	NaN
586.99	-0.36726	-3.5596
587.99	-0.37667	-3.5596
588.99	-0.39717	-3.5673
589.99	-0.39717	-3.5673
590.99	-0.37667	-3.5596
591.99	-0.36726	-3.5596
592.99	-0.37667	-3.5502
593.99	-0.42419	-3.5683
594.99	-0.37667	-3.5596
596	-0.38938	-3.5661
597	-0.36726	-3.5596
598	-0.37736	-3.5535
599	-0.40402	-3.5515
